8.81363597145888e-20
8.400428305256001e-20
8.002505138934927e-20
7.61952803805681e-20
7.251833445979573e-20
6.897014912532445e-20
6.556688036718156e-20
6.230013261746014e-20
5.916519116118315e-20
5.615817674322293e-20
5.327491543352163e-20
5.0515150357934886e-20
4.787214176535155e-20
4.534352158712599e-20
4.2925906449582816e-20
4.0615677755501956e-20
3.8409849779432353e-20
3.630468188103009e-20
3.429696787918516e-20
3.238345755271759e-20
3.056074939002908e-20
2.882576960856704e-20
2.717856208799685e-20
2.560510373329225e-20
2.411502668656442e-20
2.2699486168215833e-20
2.1356114749986976e-20
2.0081992838597334e-20
1.8874624649339823e-20
1.7730939789000974e-20
1.6648256046157126e-20
1.5624006907562495e-20
1.4655624578791144e-20
1.37404995435178e-20
1.287630079117865e-20
1.206069248357226e-20
1.129038423812715e-20
1.0565382830380613e-20
9.882580737523151e-21
9.239263833827345e-21
8.633426804096948e-21
8.063756190429534e-21
7.528242483931966e-21
7.02520058938449e-21
6.552542102125855e-21
6.108975409990486e-21
5.6929367955547344e-21
5.302890298208957e-21
4.937350665325601e-21
4.595059208064511e-21
4.2745693964029554e-21
3.974784209653995e-21
3.694418895214878e-21
3.432355769640818e-21
3.1875738419856706e-21
2.9590026765090735e-21
2.7452904724585555e-21
2.546700757966772e-21
2.361167983399073e-21
2.188320155275228e-21
2.027299632813461e-21
1.8773729469023527e-21
1.7376127073046902e-21
1.6081331055370637e-21
1.4873532856600831e-21
1.3754131857043758e-21
1.2712790779944626e-21
1.174610977274382e-21
1.0849068961673545e-21
1.0016870055153153e-21
9.245337984022538e-22
8.53031451521384e-22
7.867850722099375e-22
7.254313458814847e-22
6.686487130793178e-22
6.1611122517656e-22
5.675139739402636e-22
5.22587165067103e-22
4.8106714002336e-22
4.427071624034857e-22
4.0731669062602926e-22
3.745869355314767e-22
3.444136515205178e-22
3.1657734134083383e-22
2.9091034290868685e-22
2.672502431881145e-22
2.4544778195550396e-22
2.253605923970579e-22
2.0686754833969163e-22
1.898803498945284e-22
1.7413903646983007e-22
1.5975655664942253e-22
1.464971744686728e-22
1.3433322657737335e-22
1.231019099628962e-22
1.128063160336823e-22
1.0334498652944125e-22
9.466163698323644e-23
8.669153880975204e-23
7.933253851532173e-23
