6.49880409335e-21
6.18655824251e-21
5.8860711408e-21
5.59708402262e-21
5.31997101926e-21
5.05251843499e-21
4.79633195031e-21
4.55061080222e-21
4.31503027653e-21
4.08925827031e-21
3.87298653818e-21
3.66615136212e-21
3.46826698993e-21
3.27913328615e-21
3.09848504422e-21
2.92604051495e-21
2.7615662531e-21
2.60477312075e-21
2.45541182637e-21
2.31323040704e-21
2.17796896006e-21
2.04938808438e-21
1.92739709851e-21
1.8112190079e-21
1.70126656413e-21
1.59699852019e-21
1.49821655129e-21
1.40469574754e-21
1.31625144385e-21
1.23264011657e-21
1.15365943505e-21
1.07911169536e-21
1.00879872265e-21
9.42521687405e-22
8.80094172942e-22
8.21346857318e-22
7.66003056638e-22
7.14097570716e-22
6.65369586478e-22
6.19605017904e-22
5.76648764407e-22
5.36402948948e-22
4.98708012905e-22
4.63438379547e-22
4.30421672147e-22
3.99561580297e-22
3.70737520956e-22
3.43827741343e-22
3.18717806207e-22
2.95308135017e-22
2.73487364283e-22
2.53169726562e-22
2.34256271929e-22
2.16661214954e-22
2.00302082113e-22
1.85101012279e-22
1.70944298819e-22
1.578780187e-22
1.45719224599e-22
1.34446946348e-22
1.23998541775e-22
1.1431809642e-22
1.05337972759e-22
9.7063026352e-23
8.93867226609e-23
8.22959760759e-23
7.57384452555e-23
6.96812062024e-23
6.40878284756e-23
5.89239290952e-23
5.41602067145e-23
4.97667446208e-23
4.57156007661e-23
4.19817915292e-23
3.85421404699e-23
3.53747407284e-23
3.2458563822e-23
2.97749095583e-23
2.73059886169e-23
2.50352267145e-23
2.29502308384e-23
2.10291484415e-23
1.92663933285e-23
1.76470867701e-23
1.61602441696e-23
1.47953570986e-23
1.35426873819e-23
1.23935083829e-23
1.13395003325e-23
1.03765697262e-23
9.48408411399e-24
8.67473582277e-24
7.93056136011e-24
7.25140662123e-24
6.62464709744e-24
6.05299954647e-24
5.52946563733e-24
5.05078232567e-24
4.61291405756e-24
4.20859719687e-24
