5.10791865571e-23
8.23517597481e-23
1.06280796168e-22
1.22670711284e-22
1.33335126444e-22
1.39339509228e-22
1.43371799712e-22
1.44099432971e-22
1.43408820125e-22
1.41819781876e-22
1.39068081112e-22
1.35911454367e-22
1.32417071591e-22
1.28755375724e-22
1.24831818709e-22
1.21187551748e-22
1.17088039866e-22
1.13293052235e-22
1.09585159139e-22
1.05965727262e-22
1.02503650797e-22
9.91580055255e-23
9.59364285451e-23
9.28469282256e-23
8.98906359861e-23
8.70645906828e-23
8.43518005411e-23
8.17260136064e-23
7.92784889114e-23
7.69002796809e-23
7.46303380804e-23
7.24543794524e-23
7.03682151191e-23
6.83729039526e-23
6.64444578889e-23
6.46094792458e-23
6.28582192178e-23
6.11682400033e-23
5.95337723982e-23
5.79838227283e-23
5.64846814629e-23
5.50417388062e-23
5.36523501994e-23
5.23063494878e-23
5.10267647713e-23
4.97775688551e-23
4.85797640654e-23
4.7423795039e-23
4.63171476117e-23
4.52283575728e-23
4.41865698111e-23
4.31805964512e-23
4.22061708574e-23
4.12623387357e-23
4.03571115755e-23
3.93428430192e-23
3.86167967716e-23
3.77863045632e-23
3.69779136207e-23
3.61998856193e-23
3.54351242718e-23
3.47055748363e-23
3.39848666513e-23
3.32950198753e-23
3.26211571498e-23
3.19664092875e-23
3.13315267474e-23
3.07076729213e-23
3.0110063839e-23
2.95259219874e-23
2.89563431422e-23
2.84021620093e-23
2.78620930241e-23
2.73370813153e-23
2.68220493605e-23
2.63242127169e-23
2.58392933793e-23
2.53726026655e-23
2.49062018371e-23
2.44575654241e-23
2.40201312166e-23
2.35935540689e-23
2.31795348025e-23
2.27725260874e-23
2.23768516791e-23
2.19907288072e-23
2.16162812854e-23
2.12487939967e-23
2.08873184546e-23
2.05369719809e-23
2.01949727014e-23
1.98610988444e-23
1.9646340162e-23
1.92163483421e-23
1.89050599853e-23
1.86009690047e-23
1.83038331334e-23
1.80151886895e-23
1.77311976334e-23
1.74532414455e-23
1.71966749201e-23
1.69168396117e-23
1.66556740611e-23
1.64017425599e-23
1.61533549658e-23
1.59104206763e-23
1.56727316818e-23
1.5440061407e-23
1.52122789383e-23
1.49921950133e-23
1.47710419137e-23
1.45573881898e-23
1.43481867817e-23
1.41432609008e-23
1.39424766151e-23
1.37457915693e-23
1.35531649527e-23
1.33644706226e-23
1.31795359204e-23
1.29982330049e-23
1.28205180696e-23
1.26463416128e-23
1.24770020123e-23
1.23095731587e-23
1.21462589956e-23
1.19848453202e-23
1.18269087516e-23
1.16719808491e-23
1.15195106248e-23
1.13703575329e-23
1.12240270226e-23
1.10804056991e-23
1.093909775e-23
1.08007460121e-23
1.06652415889e-23
1.05315631858e-23
1.03939711887e-23
1.02720103175e-23
1.01457057501e-23
1.00216393009e-23
9.89975837177e-24
9.78001477321e-24
9.66235619295e-24
9.54673282174e-24
9.43346070039e-24
9.32069526169e-24
9.21091467758e-24
9.10302181916e-24
8.99695723014e-24
8.89265686534e-24
8.79006567264e-24
8.69022530888e-24
8.59089726929e-24
8.49288611175e-24
8.3968358502e-24
8.30233720883e-24
8.20965183226e-24
8.11815895353e-24
8.02729670499e-24
7.9395988751e-24
7.8524060778e-24
7.76656575219e-24
7.68101707411e-24
7.59778725218e-24
7.51585285572e-24
7.43518696939e-24
7.35649374738e-24
7.27821509348e-24
7.20093646729e-24
7.14665683894e-24
7.05059429757e-24
6.97690006657e-24
6.90430010463e-24
6.83245862372e-24
6.76198398119e-24
6.691846839e-24
6.62337388904e-24
6.55586800551e-24
6.48932197622e-24
6.42372950371e-24
6.35979293074e-24
6.29609426697e-24
6.23331084815e-24
6.17141193442e-24
6.11083941743e-24
6.05062531601e-24
5.99124229781e-24
5.93267333901e-24
5.87490351883e-24
5.81754881241e-24
5.76121002648e-24
5.70556998139e-24
5.65075272493e-24
5.59634398899e-24
5.54312293458e-24
5.49060159361e-24
5.43694140439e-24
5.3876281628e-24
5.33716672647e-24
5.28737548194e-24
5.25603996657e-24
5.19029961979e-24
5.14267329481e-24
5.095429772e-24
5.04880725029e-24
5.00304237563e-24
4.95594970142e-24
4.91245830314e-24
4.86808095198e-24
4.82435855232e-24
4.78118858464e-24
4.73829843727e-24
4.69621161513e-24
4.65474335925e-24
4.61370476355e-24
4.57273325967e-24
4.53271914728e-24
4.49320104224e-24
4.4541700077e-24
4.41561899734e-24
4.37754145994e-24
4.34035184844e-24
4.30319316986e-24
4.26640376461e-24
4.23014403994e-24
4.19463925929e-24
4.15905098547e-24
4.12405512985e-24
4.08944590899e-24
4.05649622706e-24
4.02192092849e-24
3.98852145354e-24
3.95555708167e-24
3.92299197291e-24
3.89050758095e-24
3.85871186736e-24
3.82214393417e-24
3.79622185478e-24
3.76551732397e-24
3.73516623093e-24
3.70516337018e-24
3.67550295984e-24
3.64617943221e-24
3.61686142154e-24
3.58852561051e-24
3.56018560392e-24
3.53216321413e-24
3.50445360359e-24
3.47705250102e-24
3.44995573627e-24
3.42336130694e-24
3.39685861194e-24
3.37064638315e-24
3.34472069798e-24
3.31907832991e-24
3.29371522622e-24
3.26862712938e-24
3.24380965542e-24
3.21915901153e-24
3.19487401059e-24
3.17084942752e-24
3.14707744041e-24
3.12367252304e-24
3.10034930069e-24
3.07730255726e-24
3.05448191423e-24
3.03185478335e-24
3.00918688364e-24
2.98843754369e-24
2.96604052741e-24
2.94421090513e-24
2.9228862008e-24
2.90169110307e-24
2.88072354522e-24
2.85997701765e-24
2.83945094779e-24
2.81915059468e-24
2.7991035762e-24
2.77832086915e-24
2.75867674662e-24
2.73923916813e-24
2.72030886489e-24
2.70120356959e-24
2.68227474979e-24
2.66352706494e-24
2.64499098853e-24
2.62657349944e-24
2.60836456203e-24
2.59033191681e-24
2.57247368316e-24
2.55507599481e-24
2.5375804055e-24
2.5202403367e-24
2.50305420863e-24
2.48573378343e-24
2.46888161666e-24
2.45219004547e-24
2.43565711283e-24
2.4192808621e-24
2.40305920967e-24
2.3870202482e-24
2.37101431136e-24
2.35524444831e-24
2.3396254809e-24
2.32415211721e-24
2.3086109756e-24
2.29342606371e-24
2.27858566588e-24
2.2636733564e-24
2.24889500683e-24
2.2341439032e-24
2.21952780203e-24
2.20496697619e-24
2.19125377206e-24
2.17714435592e-24
2.16780996364e-24
2.15370688955e-24
2.13543935234e-24
2.1218497306e-24
2.10838015362e-24
2.09502869871e-24
2.08179385765e-24
2.06867447445e-24
2.05566962475e-24
2.04277841363e-24
2.02999992603e-24
2.01733315865e-24
2.00477697405e-24
1.99236619304e-24
1.98002616924e-24
1.96766687182e-24
1.95565561552e-24
1.94363504612e-24
1.93171879986e-24
1.91990565379e-24
1.90819425874e-24
1.89658325823e-24
1.88507138639e-24
1.87365745595e-24
1.86234036306e-24
1.8511190557e-24
1.84001217019e-24
1.82898036127e-24
1.8180414594e-24
1.80716863915e-24
1.79640953679e-24
1.78574003558e-24
1.77515939713e-24
1.76466678813e-24
1.75426128571e-24
1.74394188952e-24
1.7341076475e-24
1.72417379036e-24
1.71348394219e-24
1.7035053223e-24
1.69360787355e-24
1.68379098433e-24
1.67405602238e-24
1.66440186711e-24
1.65482725509e-24
1.64533093249e-24
1.63591165879e-24
1.62656833015e-24
1.61728734447e-24
1.60809227838e-24
1.5989707278e-24
1.58992177277e-24
1.58094456402e-24
1.57203832877e-24
1.5632023496e-24
1.55443596634e-24
1.54573850818e-24
1.53710933209e-24
1.52854784755e-24
1.52005345671e-24
1.51165382887e-24
1.50329089571e-24
1.49499306742e-24
1.48675972644e-24
1.4785902281e-24
1.47048390129e-24
1.46244007278e-24
1.45445811612e-24
1.44653739549e-24
1.43868591905e-24
1.43088577945e-24
1.42314504236e-24
1.41546317458e-24
1.40781865871e-24
1.40025194478e-24
1.39271002838e-24
1.38525837574e-24
1.37773943532e-24
1.37040046851e-24
1.3631166059e-24
1.35588722631e-24
1.34871176523e-24
1.34158975281e-24
1.33452074083e-24
1.32750425431e-24
1.32053975508e-24
1.31374221596e-24
1.30690102684e-24
1.30008810433e-24
1.29332527001e-24
1.28654275797e-24
1.27991444874e-24
1.27334229162e-24
1.26682486494e-24
1.26036074547e-24
1.25376006926e-24
1.24733450913e-24
1.24095519889e-24
1.23462164793e-24
1.22833341236e-24
1.22209009219e-24
1.21589131233e-24
1.20973666841e-24
1.2036257344e-24
1.19755810142e-24
1.19153336131e-24
1.18555109501e-24
1.17961088104e-24
1.17371233686e-24
1.16785513319e-24
1.16203892985e-24
1.15626335876e-24
1.15052806294e-24
1.14483267546e-24
1.13917682676e-24
1.13356015872e-24
1.12798232104e-24
1.12245420487e-24
1.11695300113e-24
1.11148956985e-24
1.10606358698e-24
1.10067475411e-24
1.09532278081e-24
1.09000736417e-24
1.08472818307e-24
1.08102410803e-24
1.0757888877e-24
1.07058500208e-24
1.06541270487e-24
1.06027213775e-24
1.05377261623e-24
1.04876043324e-24
1.04375952637e-24
1.03879215217e-24
1.03385803981e-24
1.0289568941e-24
1.02408838871e-24
1.01925219582e-24
1.01444800279e-24
1.00967551418e-24
1.00492432614e-24
1.00021441688e-24
9.9553543912e-25
9.90887138026e-25
9.86269242389e-25
9.81681470438e-25
9.77123573944e-25
9.72595311324e-25
9.68096433449e-25
9.63626690906e-25
9.59185858599e-25
9.54773717558e-25
9.50390052664e-25
9.46034634479e-25
9.41707228892e-25
9.3740760357e-25
9.33135522998e-25
9.28890744375e-25
9.24673029732e-25
9.20482140741e-25
9.16317826118e-25
9.12179834389e-25
9.08067941838e-25
9.03981956583e-25
8.99921694008e-25
8.95886968996e-25
8.9187758897e-25
8.8789335319e-25
8.8394278084e-25
8.80008077909e-25
8.76097921191e-25
8.72212126687e-25
8.68350500206e-25
8.64512859159e-25
8.60699032626e-25
8.5690885391e-25
8.53142154862e-25
8.4939875542e-25
8.45678480831e-25
8.41981149503e-25
8.38306565264e-25
8.34654523532e-25
8.31024822379e-25
8.27417258632e-25
8.23831631139e-25
8.20267734947e-25
8.16725383035e-25
8.14107560797e-25
8.10620975817e-25
8.07153182131e-25
8.03703952399e-25
8.00273142313e-25
7.96860619183e-25
7.93466249552e-25
7.90089895198e-25
7.86731421571e-25
7.83390740286e-25
7.80067786873e-25
7.76762495467e-25
7.7347479794e-25
7.70204672073e-25
7.66952156938e-25
7.63717271141e-25
7.60500025718e-25
7.57300427072e-25
7.54118480003e-25
7.50954178871e-25
7.4780750064e-25
7.44678421294e-25
7.41566913624e-25
7.38472944093e-25
7.35396485401e-25
7.3233754329e-25
7.29296148961e-25
7.26272331039e-25
7.2326611483e-25
7.20277527873e-25
7.17306626664e-25
7.14353502096e-25
7.11418248792e-25
7.07991799395e-25
7.05110007518e-25
7.02244642276e-25
6.9939558679e-25
6.96562719942e-25
6.93745918598e-25
6.90965052827e-25
6.88179994111e-25
6.85410670199e-25
6.82656962622e-25
6.7991875502e-25
6.77202655453e-25
6.7449515248e-25
6.71802778474e-25
6.69125407969e-25
6.66462926531e-25
6.63815236149e-25
6.61175778924e-25
6.58557526045e-25
6.55953788804e-25
6.53364460432e-25
6.50789434278e-25
6.48228600172e-25
6.45662499144e-25
6.43129814337e-25
6.40611025262e-25
6.38106043014e-25
6.35614778874e-25
6.33137135579e-25
6.30673012395e-25
6.28240959563e-25
6.25803457514e-25
6.23379186765e-25
6.20968056995e-25
6.1856997518e-25
6.16184847415e-25
6.13812579889e-25
6.11453084379e-25
6.09106276928e-25
6.06772072096e-25
6.04450385206e-25
6.02141134515e-25
5.9984423485e-25
5.97559597651e-25
5.95287134176e-25
5.9302675823e-25
5.90778385992e-25
5.88541934118e-25
5.86300238309e-25
5.8408744484e-25
5.81886331669e-25
5.79696819491e-25
5.77518830254e-25
5.75368921511e-25
5.73213610635e-25
5.71069578285e-25
5.6893675416e-25
5.66815068072e-25
5.64704451496e-25
5.62604838982e-25
5.6051616452e-25
5.5843835973e-25
5.56371355705e-25
5.54315081824e-25
5.52269469491e-25
5.5023444865e-25
5.48209945597e-25
5.46195884393e-25
5.44192188389e-25
5.42198781888e-25
5.40215585731e-25
5.3824251914e-25
5.36279503162e-25
5.34326459261e-25
5.32383310924e-25
5.30449985794e-25
5.28526414176e-25
5.26612531607e-25
5.24708278949e-25
5.22813601541e-25
5.20928447527e-25
5.19052767629e-25
5.17186517809e-25
5.15329653556e-25
5.13482124409e-25
5.11643879414e-25
5.09814867279e-25
5.07995035852e-25
5.06184333377e-25
5.04382704435e-25
5.02590092143e-25
5.0080643658e-25
4.99018305433e-25
4.97252303984e-25
4.95495040144e-25
4.93746452486e-25
4.92006484384e-25
4.90275083639e-25
4.88566199911e-25
4.86851888888e-25
4.85145975298e-25
4.83448401834e-25
4.81759112394e-25
4.80078049847e-25
4.78405158336e-25
4.76740384265e-25
4.75083677508e-25
4.73434992531e-25
4.71794284219e-25
4.70161504485e-25
4.68536605074e-25
4.66919538204e-25
4.65310258303e-25
4.63708722076e-25
4.62114885956e-25
4.6052870707e-25
4.58937234267e-25
4.57366378346e-25
4.55803041185e-25
4.5424717727e-25
4.52698736591e-25
4.51157671772e-25
4.49623938659e-25
4.48097491726e-25
4.4657828495e-25
4.45066274374e-25
4.43573741532e-25
4.42076017551e-25
4.40585368433e-25
4.39101745567e-25
4.37625100206e-25
4.36155385073e-25
4.34692554966e-25
4.33236567307e-25
4.31787381245e-25
4.30344955664e-25
4.2890924908e-25
4.27480220642e-25
4.26057830605e-25
4.24642040545e-25
4.23232812473e-25
4.21830107712e-25
4.20433889337e-25
4.19044122964e-25
4.17660773753e-25
4.16283805706e-25
4.14901385555e-25
4.13537141227e-25
4.12179163559e-25
4.10827416919e-25
4.09481863111e-25
4.08142463337e-25
4.06809180217e-25
4.05493359845e-25
4.04172169406e-25
4.02856997486e-25
4.01547808354e-25
4.00244565282e-25
3.98947232126e-25
3.97655774024e-25
3.96370156968e-25
3.95090345986e-25
3.93816305339e-25
3.92547999107e-25
3.91285393507e-25
3.90028454859e-25
3.88777148698e-25
3.87531440565e-25
3.86291296552e-25
3.85056682592e-25
3.83827567056e-25
3.82603920002e-25
3.81385711065e-25
3.80172908696e-25
3.78965481989e-25
3.77763402016e-25
3.76566640961e-25
3.75375171685e-25
3.74188966136e-25
3.73007995083e-25
3.71832230594e-25
3.70661645748e-25
3.69496214159e-25
3.68335910013e-25
3.6718070649e-25
3.66030574254e-25
3.64885483776e-25
3.63745407009e-25
3.62610315677e-25
3.61480179929e-25
3.60354969054e-25
3.59234652218e-25
3.58119198941e-25
3.57008580359e-25
3.55902767616e-25
3.54801730887e-25
3.53705439843e-25
3.52613864368e-25
3.51526974577e-25
3.50444741605e-25
3.49367138491e-25
3.48294138836e-25
3.4722571615e-25
3.46161844853e-25
3.45102500858e-25
3.44047660507e-25
3.42997301499e-25
3.41951402467e-25
3.40909942104e-25
3.39872900235e-25
3.3884025778e-25
3.37811995706e-25
3.36788093919e-25
3.35768532238e-25
3.34753290355e-25
3.33742347498e-25
3.32735682643e-25
3.31733274559e-25
3.30735101256e-25
3.29741139996e-25
3.28751367878e-25
3.27765761291e-25
3.26784295253e-25
3.25806943885e-25
3.2483368039e-25
3.2386447788e-25
3.22899310431e-25
3.21938153837e-25
3.20980984936e-25
3.2002778084e-25
3.19078519049e-25
3.18133177823e-25
3.17191736036e-25
3.16254172788e-25
3.15320467516e-25
3.14390599462e-25
3.13464547704e-25
3.12542292102e-25
3.11623813487e-25
3.1070909376e-25
3.09798115256e-25
3.08890860018e-25
3.07987309342e-25
3.07087443893e-25
3.06191244634e-25
3.0529869272e-25
3.04409768722e-25
3.03524452385e-25
3.02642723708e-25
3.017645635e-25
3.00889953194e-25
3.00018874775e-25
2.9915131053e-25
2.98287242901e-25
2.97426654528e-25
2.96569527992e-25
2.95715845694e-25
2.94865589995e-25
2.9401874352e-25
2.93175289482e-25
2.92335210697e-25
2.9149849016e-25
2.90665111296e-25
2.89835058147e-25
2.89008314338e-25
2.88184862788e-25
2.87364686148e-25
2.86547767156e-25
2.8573408893e-25
2.84923634574e-25
2.8411638705e-25
2.83312329418e-25
2.8251144504e-25
2.81713717847e-25
2.80919132159e-25
2.80127671845e-25
2.79339321326e-25
2.78554064747e-25
2.77771885911e-25
2.76992768764e-25
2.76216697848e-25
2.75443658457e-25
2.74673636513e-25
2.73906617904e-25
2.7314258794e-25
2.72381531525e-25
2.71623433657e-25
2.70868279371e-25
2.70116053468e-25
2.69366740369e-25
2.68620324104e-25
2.67876789234e-25
2.67136120584e-25
2.66398302812e-25
2.65663321478e-25
2.64931162294e-25
2.64201810529e-25
2.63475251324e-25
2.62751469839e-25
2.62030451343e-25
2.61312181852e-25
2.60596648599e-25
2.59883839565e-25
2.59173742743e-25
2.58466346155e-25
2.57761637946e-25
2.57059606162e-25
2.56360239053e-25
2.55663524289e-25
2.5496944957e-25
2.54278002659e-25
2.53589171288e-25
2.5290294357e-25
2.52219308121e-25
2.51538253432e-25
2.50859767774e-25
2.50183839237e-25
2.49510455475e-25
2.488396033e-25
2.48171269211e-25
2.47505439942e-25
2.46842102414e-25
2.46181243821e-25
2.45522851889e-25
2.44866914239e-25
2.44213418956e-25
2.43562354394e-25
2.42913709001e-25
2.42267470966e-25
2.41623628111e-25
2.40982167823e-25
2.40343077321e-25
2.39706344165e-25
2.39071956052e-25
2.38439900919e-25
2.3781016742e-25
2.37182744567e-25
2.36557621567e-25
2.35934787897e-25
2.35314233163e-25
2.34695946521e-25
2.34079917307e-25
2.33466135149e-25
2.32854589609e-25
2.32245270351e-25
2.31638167347e-25
2.31033271253e-25
2.30430573045e-25
2.29830064338e-25
2.29231736798e-25
2.28635581825e-25
2.28041590852e-25
2.27449755114e-25
2.26860065845e-25
2.262725144e-25
2.25687091547e-25
2.25103787763e-25
2.24522593475e-25
2.23943499374e-25
2.23366495748e-25
2.22791572627e-25
2.22218720193e-25
2.2164792845e-25
2.21079186828e-25
2.2051248432e-25
2.19947809826e-25
2.19385151947e-25
2.18824499627e-25
2.182658422e-25
2.1770916905e-25
2.17154469685e-25
2.16601733572e-25
2.16050950454e-25
2.15502110969e-25
2.14955206077e-25
2.14410226534e-25
2.13867163042e-25
2.13326006798e-25
2.12786749382e-25
2.12249382214e-25
2.11713896779e-25
2.11180285014e-25
2.10648539386e-25
2.10118652567e-25
2.09590617473e-25
2.09064426863e-25
2.08540073302e-25
2.08017549454e-25
2.07496848231e-25
2.06977962822e-25
2.06460886316e-25
2.05945611078e-25
2.05432128996e-25
2.0492043234e-25
2.04414841689e-25
2.03906698037e-25
2.0340031114e-25
2.02895673567e-25
2.02392778247e-25
2.01891618091e-25
2.01392185852e-25
2.00894474166e-25
2.00398475315e-25
1.99904181409e-25
1.99407392941e-25
1.98916509331e-25
1.98427307361e-25
1.97939778739e-25
1.97453915266e-25
1.96969709278e-25
1.96487153901e-25
1.9600624257e-25
1.95526968116e-25
1.9504932316e-25
1.9457330049e-25
1.94098892931e-25
1.93626093238e-25
1.93154894002e-25
1.92685288051e-25
1.92217268805e-25
1.91750829899e-25
1.91285965038e-25
1.90822668056e-25
1.90360932801e-25
1.89900752949e-25
1.89442122225e-25
1.88985034603e-25
1.88529484175e-25
1.88075464632e-25
1.87622968971e-25
1.87171989876e-25
1.8672252055e-25
1.86274554615e-25
1.85828085852e-25
1.85383108254e-25
1.84939615857e-25
1.84497602816e-25
1.84057063114e-25
1.83617990275e-25
1.83180377744e-25
1.82744219066e-25
1.82309507621e-25
1.81876236593e-25
1.81444399465e-25
1.81013989911e-25
1.80585001702e-25
1.801613283e-25
1.79735130403e-25
1.79310335255e-25
1.78886937469e-25
1.78464931726e-25
1.78044312618e-25
1.77625074684e-25
1.77207212085e-25
1.7679071872e-25
1.76375588301e-25
1.75961814511e-25
1.7554939116e-25
1.7513831213e-25
1.7472857135e-25
1.74316743625e-25
1.73909694007e-25
1.73503965799e-25
1.73099553486e-25
1.72696451463e-25
1.72294654004e-25
1.7189415549e-25
1.71494950343e-25
1.71097032665e-25
1.70700396306e-25
1.70305035289e-25
1.69910943975e-25
1.69518117105e-25
1.6912654977e-25
1.68736237199e-25
1.68347174765e-25
1.67962552751e-25
1.67575985078e-25
1.67190655955e-25
1.66806560668e-25
1.66423694197e-25
1.6604205119e-25
1.65661626099e-25
1.6528241329e-25
1.64904407077e-25
1.64527602081e-25
1.64151993399e-25
1.63777576442e-25
1.63404346835e-25
1.63032300128e-25
1.62661431766e-25
1.62291737186e-25
1.61923211897e-25
1.61555851313e-25
1.61189650741e-25
1.60824605412e-25
1.60460710315e-25
1.60097960457e-25
1.59736350816e-25
1.59372486675e-25
1.59013156406e-25
1.58654954086e-25
1.58297875169e-25
1.5794191506e-25
1.57587069086e-25
1.57233332565e-25
1.56880700674e-25
1.56529168608e-25
1.56178731742e-25
1.55829385373e-25
1.55481124784e-25
1.55133945271e-25
1.54787842143e-25
1.54442810971e-25
1.54098847492e-25
1.5375594727e-25
1.53414105852e-25
1.53073318965e-25
1.52733582523e-25
1.52394892606e-25
1.52057245429e-25
1.51720637221e-25
1.51385064082e-25
1.51046556096e-25
1.50713064895e-25
1.5038059741e-25
1.50049149598e-25
1.49718717455e-25
1.49389296846e-25
1.4906470327e-25
1.48737270051e-25
1.48410837044e-25
1.4808540055e-25
1.47760957006e-25
1.47440749987e-25
1.47118284484e-25
1.4679679976e-25
1.46473037671e-25
1.46153503558e-25
1.45834940573e-25
1.45517344861e-25
1.4520071245e-25
1.44885039291e-25
1.44570321427e-25
1.44256554984e-25
1.43943736239e-25
1.43631861379e-25
1.43320926495e-25
1.43010927775e-25
1.42701861488e-25
1.423937241e-25
1.42086512125e-25
1.41780222152e-25
1.41474850717e-25
1.41170394155e-25
1.40866848795e-25
1.40564211185e-25
1.40262477892e-25
1.39961645319e-25
1.39661709736e-25
1.39362667505e-25
1.39064515176e-25
1.38767249471e-25
1.38467307597e-25
1.38171803916e-25
1.37877176898e-25
1.37583423118e-25
1.37290539311e-25
1.36998522299e-25
1.36707369045e-25
1.36417076542e-25
1.36127641456e-25
1.3583906021e-25
1.3555132928e-25
1.35264445184e-25
1.34978404659e-25
1.34693204474e-25
1.34408841375e-25
1.34128943176e-25
1.33848887922e-25
1.33567004185e-25
1.33285945631e-25
1.33005709328e-25
1.32726292336e-25
1.32447691713e-25
1.32169904402e-25
1.31892927229e-25
1.31616757007e-25
1.31341390553e-25
1.31066824655e-25
1.30793056119e-25
1.30520081739e-25
1.3024789818e-25
1.29976502322e-25
1.29705891403e-25
1.29436062845e-25
1.2916701415e-25
1.28898742708e-25
1.28631245786e-25
1.28364520636e-25
1.28098564574e-25
1.27833374734e-25
1.27568948068e-25
1.27305281529e-25
1.27042372129e-25
1.2678021695e-25
1.26512891969e-25
1.26252250483e-25
1.25992354872e-25
1.25733202429e-25
1.2547479044e-25
1.25217116199e-25
1.24960177105e-25
1.24703970483e-25
1.2444849369e-25
1.24193744369e-25
1.23939719966e-25
1.23686417706e-25
1.23433834682e-25
1.23181967984e-25
1.22930814974e-25
1.22680373081e-25
1.22430639694e-25
1.22184882733e-25
1.21936569138e-25
1.21688955496e-25
1.21442039122e-25
1.21195817327e-25
1.20950287349e-25
1.20705446444e-25
1.20461291977e-25
1.20217821326e-25
1.19975031895e-25
1.19732921136e-25
1.19491486476e-25
1.19250725442e-25
1.19010635697e-25
1.18771214961e-25
1.18532460744e-25
1.18294370521e-25
1.18056941946e-25
1.17820172872e-25
1.17584061293e-25
1.17351016187e-25
1.17116236926e-25
1.16882110085e-25
1.16648633312e-25
1.1641580423e-25
1.16183620391e-25
1.15952079473e-25
1.15721179162e-25
1.15490917207e-25
1.15255920273e-25
1.15026941148e-25
1.14798593971e-25
1.14570876579e-25
1.14343786735e-25
1.1411732216e-25
1.13891480588e-25
1.1366625971e-25
1.13441657124e-25
1.13217670534e-25
1.12994297893e-25
1.12771536994e-25
1.12549385601e-25
1.12327841609e-25
1.12106902992e-25
1.11886567776e-25
1.11666834007e-25
1.11447699699e-25
1.11229162821e-25
1.11011221384e-25
1.1079901294e-25
1.10582246833e-25
1.10366070112e-25
1.10150480639e-25
1.09935476233e-25
1.09721054721e-25
1.09507213891e-25
1.09293951594e-25
1.09081265796e-25
1.08869154526e-25
1.08657615805e-25
1.08446647736e-25
1.08236248512e-25
1.08026416269e-25
1.07817149004e-25
1.07608444807e-25
1.0740030181e-25
1.07192718035e-25
1.06985691393e-25
1.06779219824e-25
1.06573301298e-25
1.06367933799e-25
1.06163115334e-25
1.05958843909e-25
1.05755117606e-25
1.05551934672e-25
1.05349293421e-25
1.0514719213e-25
1.04945629086e-25
1.04744602583e-25
1.04544110932e-25
1.04339313464e-25
1.04139897679e-25
1.03941011514e-25
1.03742653099e-25
1.03544820527e-25
1.03347511781e-25
1.03150724798e-25
1.0295445759e-25
1.02758708328e-25
1.0256347524e-25
1.02368756714e-25
1.02174551213e-25
1.01980857228e-25
1.01787673223e-25
1.01594997618e-25
1.01402828815e-25
1.01211165192e-25
1.01020005088e-25
1.00829346727e-25
1.00639188211e-25
1.00449527642e-25
1.00262685618e-25
1.00074027901e-25
9.98858640465e-26
9.96981922369e-26
9.95110106322e-26
9.93243174239e-26
9.91381108472e-26
9.89523891361e-26
9.87671504991e-26
9.85823931177e-26
9.83981152083e-26
9.82143150163e-26
9.80309907444e-26
9.78481406507e-26
9.76657629884e-26
9.74838560195e-26
9.73024179525e-26
9.71214469547e-26
9.69409412791e-26
9.67608993301e-26
9.65813195695e-26
9.6402200453e-26
9.62235405219e-26
9.60453383998e-26
9.58675928343e-26
9.56903026029e-26
9.55134664124e-26
9.53370828886e-26
9.51611505487e-26
9.49856678919e-26
9.48106334441e-26
9.46360456841e-26
9.44619030635e-26
9.42882040664e-26
9.4112468198e-26
9.39396691123e-26
9.37673098673e-26
9.35953888201e-26
9.34239045848e-26
9.32528558572e-26
9.30822414043e-26
9.29120599815e-26
9.2742310347e-26
9.25729912711e-26
9.2404101522e-26
9.22356398632e-26
9.20676050451e-26
9.18999957652e-26
9.17328105481e-26
9.15660478307e-26
9.13997059983e-26
9.12337834457e-26
9.10682786485e-26
9.09031901608e-26
9.07426802678e-26
9.05784120717e-26
9.04145561154e-26
9.02511111592e-26
9.00880760691e-26
8.99254497094e-26
8.97632309185e-26
8.96014185467e-26
8.94400114518e-26
8.92790084665e-26
8.91184082594e-26
8.89582094478e-26
8.87984106224e-26
8.8639010358e-26
8.84800072557e-26
8.83213999252e-26
8.81631869684e-26
8.80053669983e-26
8.78479386431e-26
8.76909005316e-26
8.7534251395e-26
8.7377990107e-26
8.72221156014e-26
8.7066626871e-26
8.69115229187e-26
8.67568026807e-26
8.66024650606e-26
8.6448508893e-26
8.62949329903e-26
8.61417361189e-26
8.59889169352e-26
8.58364740573e-26
8.56844061248e-26
8.55327118233e-26
8.53813898401e-26
8.52304388765e-26
8.50798576579e-26
8.49296450055e-26
8.47797997815e-26
8.46303208879e-26
8.44812072634e-26
8.43308632722e-26
8.41824744882e-26
8.40344467534e-26
8.38867789928e-26
8.3739470131e-26
8.3592519114e-26
8.34459248759e-26
8.3299686353e-26
8.31538024972e-26
8.30082722622e-26
8.28630945949e-26
8.27199492882e-26
8.25754857828e-26
8.24313718273e-26
8.22876063321e-26
8.21441882544e-26
8.2001116627e-26
8.18583905326e-26
8.17160090526e-26
8.157397121e-26
8.14322760092e-26
8.12909224146e-26
8.11499094027e-26
8.10092359667e-26
8.08689010988e-26
8.07289037787e-26
8.05892429868e-26
8.04499176987e-26
8.03109268646e-26
8.01722693983e-26
8.0033944226e-26
7.98959502706e-26
7.97582864348e-26
7.9620951623e-26
7.94839448186e-26
7.93472650282e-26
7.9210911274e-26
7.90748826535e-26
7.8939178296e-26
7.88037972941e-26
7.86687387247e-26
7.85340016327e-26
7.83995850253e-26
7.8265487875e-26
7.81317091172e-26
7.79982476612e-26
7.78651024348e-26
7.77322724257e-26
7.75997566516e-26
7.74675541961e-26
7.7335664108e-26
7.72040853836e-26
7.70728170186e-26
7.69418580142e-26
7.68112073482e-26
7.66808640173e-26
7.65508270845e-26
7.64210956665e-26
7.62916688757e-26
7.61625458474e-26
7.6033725743e-26
7.59052077318e-26
7.57769909492e-26
7.56490745373e-26
7.55214576254e-26
7.5394139271e-26
7.52671184851e-26
7.51403943066e-26
7.50139657841e-26
7.48878319889e-26
7.47619920202e-26
7.46364449937e-26
7.45111900654e-26
7.43862264291e-26
7.42615532805e-26
7.4137169783e-26
7.40130750757e-26
7.3889268254e-26
7.37657484075e-26
7.36425147019e-26
7.35195663667e-26
7.33969026395e-26
7.32745227849e-26
7.31524260859e-26
7.30306117856e-26
7.2909079056e-26
7.27878270416e-26
7.26668548799e-26
7.25461616811e-26
7.24257465506e-26
7.23056086082e-26
7.21857469886e-26
7.20661608189e-26
7.19468492623e-26
7.18278115453e-26
7.1709046924e-26
7.15905546421e-26
7.14723339347e-26
7.13543840298e-26
7.12367041665e-26
7.11192936006e-26
7.1002151546e-26
7.08852771938e-26
7.0768669741e-26
7.06523284118e-26
7.05362524516e-26
7.04204411315e-26
7.03048937523e-26
7.01896095619e-26
7.00745877204e-26
6.99598273632e-26
6.98453276014e-26
6.97310875392e-26
6.96171063158e-26
6.95033831439e-26
6.9389917299e-26
6.92767080638e-26
6.91637547398e-26
6.90510566362e-26
6.89386130686e-26
6.882642335e-26
6.87144868014e-26
6.8601474659e-26
6.84900388244e-26
6.83788530665e-26
6.82679167134e-26
6.81572290744e-26
6.8046789457e-26
6.79365971781e-26
6.78266515488e-26
6.77169518846e-26
6.76074975192e-26
6.74982878125e-26
6.73893221674e-26
6.72805999876e-26
6.7172120684e-26
6.70638836555e-26
6.69558882761e-26
6.68481339658e-26
6.67406201729e-26
6.66333463563e-26
6.65263120127e-26
6.64195166495e-26
6.63129597748e-26
6.62066408509e-26
6.61005592986e-26
6.59947145243e-26
6.58891059223e-26
6.57837328653e-26
6.56785947062e-26
6.55736907728e-26
6.54675675009e-26
6.53631322985e-26
6.52589279425e-26
6.51549537595e-26
6.50512090741e-26
6.49476932067e-26
6.48444054719e-26
6.47413451803e-26
6.46385116873e-26
6.45359043897e-26
6.44335226809e-26
6.43313659576e-26
6.42294336422e-26
6.41277251888e-26
6.40262400451e-26
6.39249776898e-26
6.38239376511e-26
6.37231193688e-26
6.3622522148e-26
6.35221452222e-26
6.34219878402e-26
6.33220492948e-26
6.32223288945e-26
6.31228259853e-26
6.30235399483e-26
6.29273124297e-26
6.28284538612e-26
6.27298103789e-26
6.26313813911e-26
6.25331663482e-26
6.24351647163e-26
6.23373759614e-26
6.22397995417e-26
6.21424348986e-26
6.20452814674e-26
6.19483386818e-26
6.18516059731e-26
6.17550827872e-26
6.16587685861e-26
6.15626628007e-26
6.14667648398e-26
6.13699473497e-26
6.12744641081e-26
6.11791861473e-26
6.10841128931e-26
6.09892437841e-26
6.08945782369e-26
6.08001156449e-26
6.07069877825e-26
6.06129319153e-26
6.05190778606e-26
6.04254251299e-26
6.03319731943e-26
6.02387215458e-26
6.01456696662e-26
6.00528170286e-26
5.99601631054e-26
5.98677073619e-26
5.97754492657e-26
5.96833882644e-26
5.959152377e-26
5.94998551855e-26
5.94083819166e-26
5.93171033836e-26
5.92233334345e-26
5.91324469955e-26
5.90417537387e-26
5.89512531386e-26
5.88609446599e-26
5.87708277428e-26
5.86809018545e-26
5.85911664939e-26
5.85016211631e-26
5.84122653699e-26
5.83230986447e-26
5.82341205418e-26
5.81453306038e-26
5.80567283707e-26
5.79683134148e-26
5.78800852634e-26
5.77920433467e-26
5.77041870438e-26
5.76165157609e-26
5.75290289762e-26
5.74417261619e-26
5.73546067842e-26
5.72676703304e-26
5.71809162962e-26
5.70943441944e-26
5.70079535458e-26
5.69217438709e-26
5.6835714725e-26
5.67524192748e-26
5.66667452888e-26
5.65812506267e-26
5.64959348446e-26
5.64107974715e-26
5.6325838021e-26
5.62410560095e-26
5.61564509538e-26
5.60720223864e-26
5.59877698602e-26
5.59036929033e-26
5.58197910173e-26
5.57360636988e-26
5.56525104435e-26
5.55681066267e-26
5.54849015308e-26
5.54018682782e-26
5.53190063775e-26
5.5236315324e-26
5.51537946583e-26
5.50714439813e-26
5.49892629089e-26
5.4907251047e-26
5.4825407982e-26
5.47437333447e-26
5.46622267789e-26
5.45808879115e-26
5.44997163617e-26
5.44187117353e-26
5.43378736247e-26
5.42572016162e-26
5.41766952956e-26
5.40963542514e-26
5.4016178083e-26
5.39361663942e-26
5.38574350721e-26
5.37777590876e-26
5.3698246258e-26
5.36188961445e-26
5.35397083126e-26
5.34606823259e-26
5.33794083576e-26
5.33007081027e-26
5.32221684419e-26
5.31437889954e-26
5.30655693861e-26
5.29875092282e-26
5.29096081327e-26
5.28318657145e-26
5.27542815807e-26
5.26768553479e-26
5.25995866558e-26
5.25224751148e-26
5.2445520278e-26
5.23687216947e-26
5.22920789362e-26
5.22155915828e-26
5.21392591864e-26
5.20630813011e-26
5.19870574911e-26
5.19111873246e-26
5.18354703813e-26
5.17599062594e-26
5.16844945592e-26
5.16092348885e-26
5.15341268718e-26
5.1459170138e-26
5.13843643194e-26
5.1312014431e-26
5.12375053215e-26
5.11631460841e-26
5.10889363557e-26
5.10148757681e-26
5.09409639564e-26
5.08672005609e-26
5.07935852109e-26
5.07201175212e-26
5.06467970948e-26
5.05736235353e-26
5.05005964538e-26
5.04277154693e-26
5.0354980202e-26
5.02823902809e-26
5.0209945339e-26
5.01376449743e-26
5.00654887688e-26
4.99934763353e-26
4.99216073022e-26
4.98498812883e-26
4.97782979135e-26
4.97068568218e-26
4.96355576679e-26
4.95644001188e-26
4.94933838414e-26
4.94225085057e-26
4.93517737729e-26
4.92811792958e-26
4.92107247331e-26
4.91404097476e-26
4.90702339988e-26
4.90001971354e-26
4.89302987974e-26
4.88605386182e-26
4.87909162256e-26
4.87214312546e-26
4.86520833458e-26
4.85828721418e-26
4.85137972823e-26
4.84448584053e-26
4.83760551591e-26
4.83073871951e-26
4.82366918398e-26
4.81682961038e-26
4.81000346091e-26
4.80319070017e-26
4.79639129295e-26
4.78960520316e-26
4.78283239462e-26
4.77607283564e-26
4.7693264988e-26
4.76259335666e-26
4.7558733812e-26
4.74916654426e-26
4.74247281587e-26
4.73579216342e-26
4.72912455368e-26
4.72246995191e-26
4.71582832321e-26
4.70919963223e-26
4.70258384443e-26
4.69598092673e-26
4.68939084655e-26
4.68281357065e-26
4.67624906484e-26
4.6696972958e-26
4.66315823109e-26
4.65684077736e-26
4.65032670619e-26
4.64382524301e-26
4.63733635646e-26
4.63086001519e-26
4.62439618875e-26
4.61794484713e-26
4.61150596012e-26
4.60507949764e-26
4.59866543027e-26
4.59226372883e-26
4.58587436449e-26
4.5794973096e-26
4.57313253678e-26
4.56678001865e-26
4.56043972824e-26
4.55411163714e-26
4.54779571259e-26
4.54149191899e-26
4.53520022165e-26
4.52892058573e-26
4.52265297664e-26
4.51639736262e-26
4.51015371337e-26
4.50392199942e-26
4.49770219393e-26
4.49149427058e-26
4.48529820327e-26
4.47911396534e-26
4.47294152976e-26
4.4667808688e-26
4.46063195537e-26
4.4544947637e-26
4.44836926701e-26
4.44225543806e-26
4.43615324946e-26
4.43006267341e-26
4.42398368241e-26
4.41791624917e-26
4.41186034619e-26
4.40581594527e-26
4.39978301813e-26
4.39376153698e-26
4.38775147375e-26
4.38166662166e-26
4.37567910238e-26
4.36970290219e-26
4.36373799373e-26
4.35778434942e-26
4.35184194192e-26
4.34591074465e-26
4.33999073195e-26
4.33408188002e-26
4.32827225062e-26
4.32238582589e-26
4.31651048039e-26
4.31064619199e-26
4.30479293717e-26
4.2989506913e-26
4.29311942967e-26
4.28729912544e-26
4.28148975002e-26
4.2756912747e-26
4.26990367119e-26
4.26412691177e-26
4.25836096936e-26
4.25260581761e-26
4.24686142897e-26
4.24093818126e-26
4.23521548678e-26
4.22950347731e-26
4.22380212692e-26
4.21811140951e-26
4.21243129883e-26
4.2067617686e-26
4.20110279291e-26
4.19545434627e-26
4.18981640284e-26
4.18418893635e-26
4.17857192124e-26
4.17296533379e-26
4.16736915083e-26
4.16178334957e-26
4.15620790837e-26
4.15064280625e-26
4.14527287112e-26
4.1397280793e-26
4.13398180663e-26
4.1284578818e-26
4.12315525645e-26
4.11765141806e-26
4.1121577531e-26
4.10667423399e-26
4.10120083414e-26
4.09573752753e-26
4.09028428808e-26
4.08484109085e-26
4.07940791312e-26
4.07398473256e-26
4.06857152682e-26
4.06316827345e-26
4.05777494949e-26
4.05239153142e-26
4.04701799621e-26
4.04165432221e-26
4.03630048763e-26
4.03095647073e-26
4.02562224903e-26
4.02029779989e-26
4.01498310108e-26
4.00967813054e-26
4.00438286627e-26
3.99909728688e-26
3.99382137134e-26
3.98855509937e-26
3.98329845038e-26
3.97805140206e-26
3.97281393052e-26
3.96758601143e-26
3.96236761982e-26
3.9571587292e-26
3.95195931303e-26
3.94676934521e-26
3.94158880065e-26
3.93641765406e-26
3.93125588066e-26
3.92610345797e-26
3.92096036616e-26
3.91582658601e-26
3.91070209848e-26
3.90558688338e-26
3.90048092102e-26
3.89538419248e-26
3.89029667847e-26
3.88521835849e-26
3.88014921188e-26
3.87508921778e-26
3.87003835515e-26
3.86499660324e-26
3.85996394193e-26
3.8549403508e-26
3.84992580842e-26
3.84492029311e-26
3.83992378272e-26
3.83493625583e-26
3.82995769177e-26
3.82498806967e-26
3.82002736853e-26
3.81507556724e-26
3.80996332607e-26
3.80502950429e-26
3.80010451439e-26
3.79518833345e-26
3.79028094e-26
3.78538231496e-26
3.78049244001e-26
3.77561129703e-26
3.77073886884e-26
3.76587513873e-26
3.76102008972e-26
3.75617370388e-26
3.7513359626e-26
3.74650684846e-26
3.7416863438e-26
3.73687442912e-26
3.73207108331e-26
3.72727628517e-26
3.72249001424e-26
3.71771225089e-26
3.71294297442e-26
3.70818216356e-26
3.7034297971e-26
3.69868585433e-26
3.69411395615e-26
3.68919870939e-26
3.68447994953e-26
3.6799569107e-26
3.67525457549e-26
3.67056054792e-26
3.66587480953e-26
3.66119734256e-26
3.65652812994e-26
3.65186715374e-26
3.64721439554e-26
3.64256983722e-26
3.63793346085e-26
3.63330524854e-26
3.62868518308e-26
3.62407324779e-26
3.6194694269e-26
3.61487370449e-26
3.61028606356e-26
3.60570648517e-26
3.60113494975e-26
3.59657143759e-26
3.59201592868e-26
3.58746840284e-26
3.58292884009e-26
3.57839722088e-26
3.57387352632e-26
3.56935773679e-26
3.56484983264e-26
3.56034979493e-26
3.55578837231e-26
3.55130402504e-26
3.54682748451e-26
3.54235873426e-26
3.53789775847e-26
3.53344454222e-26
3.52899907057e-26
3.52456132866e-26
3.52013130173e-26
3.51570897492e-26
3.51129433261e-26
3.50688735876e-26
3.5025577044e-26
3.49816608979e-26
3.49378209793e-26
3.4894057117e-26
3.48503691288e-26
3.48067568336e-26
3.47632200597e-26
3.47197586364e-26
3.46763723903e-26
3.46330611471e-26
3.45898247324e-26
3.45466629663e-26
3.45035756681e-26
3.44605626527e-26
3.44176237395e-26
3.43747587577e-26
3.4331967554e-26
3.42892499796e-26
3.4246605887e-26
3.4204035126e-26
3.41615375435e-26
3.41191129858e-26
3.40767612995e-26
3.40329770063e-26
3.39907724956e-26
3.39486403966e-26
3.39065805644e-26
3.38645928397e-26
3.38226770609e-26
3.37808330684e-26
3.37390607107e-26
3.36973598302e-26
3.36557302625e-26
3.36141718424e-26
3.35741691544e-26
3.35327506192e-26
3.34914027056e-26
3.34501252505e-26
3.34089181001e-26
3.3367781102e-26
3.3326714099e-26
3.32857169355e-26
3.32431007116e-26
3.32022450149e-26
3.31614587212e-26
3.31207416884e-26
3.30800937715e-26
3.30411923672e-26
3.30006800065e-26
3.2960236333e-26
3.29198612085e-26
3.28795544985e-26
