6.38779119638e-22
1.38442216334e-21
1.76729896236e-21
1.96459963289e-21
2.05539498395e-21
2.08783855026e-21
2.08436564097e-21
2.05899619537e-21
2.01558678885e-21
1.96633334746e-21
1.91190830372e-21
1.85459861131e-21
1.79676903302e-21
1.73845099234e-21
1.68068015004e-21
1.62414981852e-21
1.5688863684e-21
1.51593366496e-21
1.46377728629e-21
1.41389840879e-21
1.36580869403e-21
1.31997056877e-21
1.27590445193e-21
1.23366917848e-21
1.19317814566e-21
1.15450752286e-21
1.11755989259e-21
1.08224263121e-21
1.04834631307e-21
1.01597645251e-21
9.85297686456e-22
9.55798713701e-22
9.27571290944e-22
9.00593975535e-22
8.74760554417e-22
8.50026773942e-22
8.26351471138e-22
8.03663030183e-22
7.81917200634e-22
7.61066203798e-22
7.4106241563e-22
7.21862540981e-22
7.03410955507e-22
6.85690930989e-22
6.68636063614e-22
6.52286218803e-22
6.36523573818e-22
6.21338086617e-22
6.06709363376e-22
5.92605905596e-22
5.79005880032e-22
5.65873545574e-22
5.53200199536e-22
5.4095021422e-22
5.29105840955e-22
5.17646090084e-22
5.06555209677e-22
4.95814034744e-22
4.85405868006e-22
4.75317264471e-22
4.65501837571e-22
4.56037817769e-22
4.46822955749e-22
4.37883931664e-22
4.29190272004e-22
4.20743676467e-22
4.1253223385e-22
4.04546531768e-22
3.96755149565e-22
3.8919917077e-22
3.81870446093e-22
3.74711992959e-22
3.67312406548e-22
3.60937042983e-22
3.54340021766e-22
3.47895947676e-22
3.41615511813e-22
3.35493242604e-22
3.2952392496e-22
3.23702559983e-22
3.18024542037e-22
3.12485136249e-22
3.07065018102e-22
3.01790737253e-22
2.96641799715e-22
2.9161661626e-22
2.86707544466e-22
2.81907775853e-22
2.77282045264e-22
2.72671385437e-22
2.68202216103e-22
2.63834975102e-22
2.59566724078e-22
2.55394469721e-22
2.51315491498e-22
2.4732824833e-22
2.43419137125e-22
2.39606434183e-22
2.35892356553e-22
2.3222864628e-22
2.28661081681e-22
2.25171678589e-22
2.2175685018e-22
2.18414272572e-22
2.15143412186e-22
2.11952248267e-22
2.08820034928e-22
2.05753134813e-22
2.02749989363e-22
1.99809558751e-22
1.96930676716e-22
1.9414259538e-22
1.91198583632e-22
1.8863868672e-22
1.85988463866e-22
1.83391935959e-22
1.80848513195e-22
1.78356521503e-22
1.75913642838e-22
1.73525328247e-22
1.7117691936e-22
1.68874820318e-22
1.66637232485e-22
1.64404026155e-22
1.6223272621e-22
1.60104100305e-22
1.58014602254e-22
1.55956960632e-22
1.5394540646e-22
1.5197142389e-22
1.50033885235e-22
1.48131817066e-22
1.46264562435e-22
1.44431560137e-22
1.42632086693e-22
1.40865008395e-22
1.39143232356e-22
1.37438028683e-22
1.35763608623e-22
1.34104374384e-22
1.32401552116e-22
1.30901336867e-22
1.2934144426e-22
1.27808291539e-22
1.2630137246e-22
1.24820324368e-22
1.23387486043e-22
1.21956272622e-22
1.20549083987e-22
1.191828345e-22
1.17787000076e-22
1.16450213355e-22
1.15136847644e-22
1.13847798317e-22
1.12576662318e-22
1.11326423288e-22
1.10096640165e-22
1.08886894931e-22
1.07697484737e-22
1.06522350065e-22
1.05370185493e-22
1.0423630494e-22
1.03120434014e-22
1.02022294778e-22
1.00956958993e-22
9.98936154697e-23
9.88466453468e-23
9.78153897836e-23
9.67872131967e-23
9.57868571879e-23
9.48015509483e-23
9.38309526927e-23
9.28834245048e-23
9.19409358653e-23
9.10123581621e-23
9.0097102428e-23
8.91947597503e-23
8.82949607847e-23
8.74180981803e-23
8.65535617682e-23
8.57011855685e-23
8.48592807623e-23
8.40319125956e-23
8.32142754179e-23
8.24074900101e-23
8.16112756787e-23
8.082541236e-23
8.0049755474e-23
7.92842182891e-23
7.85286656285e-23
7.778293185e-23
7.70468046596e-23
7.63200956939e-23
7.56129701455e-23
7.49039442976e-23
7.4203684636e-23
7.35121409899e-23
7.28292548311e-23
7.21549401367e-23
7.14890565607e-23
7.08314555232e-23
7.01819954374e-23
6.95405263877e-23
6.89068952544e-23
6.82809988574e-23
6.76572403975e-23
6.70465752048e-23
6.64433844614e-23
6.58475914328e-23
6.52591115799e-23
6.46778595158e-23
6.41037518979e-23
6.35342264475e-23
6.29741634798e-23
6.24210316319e-23
6.18747693727e-23
6.13352770696e-23
6.08014281776e-23
6.02751695405e-23
5.97554069682e-23
5.92430783848e-23
5.87361143012e-23
5.82354259729e-23
5.77409408634e-23
5.72525876618e-23
5.67773163569e-23
5.63008895186e-23
5.58303389731e-23
5.53656083906e-23
5.49066294867e-23
5.44533155254e-23
5.40055632925e-23
5.35632749999e-23
5.31263717372e-23
5.26947727961e-23
5.22683954835e-23
5.18471612885e-23
5.14309803488e-23
5.10123766427e-23
5.06060436255e-23
5.02045224894e-23
4.98077635149e-23
4.94156948834e-23
4.90282217851e-23
4.86452539705e-23
4.82667013797e-23
4.78924695414e-23
4.75224608874e-23
4.7156592599e-23
4.67948142316e-23
4.64378249342e-23
4.60840404905e-23
4.57341596876e-23
4.5388123906e-23
4.50451507438e-23
4.47128880357e-23
4.43780091588e-23
4.40466965505e-23
4.37188740455e-23
4.33944712948e-23
4.30734335464e-23
4.2755703442e-23
4.24412333026e-23
4.213000066e-23
4.18219740237e-23
4.15171075015e-23
4.12153566827e-23
4.09166777443e-23
4.06161791575e-23
4.03235345871e-23
4.01483842236e-23
3.97469729486e-23
3.94629462687e-23
3.91817010462e-23
3.89032032704e-23
3.86274093963e-23
3.83542888955e-23
3.80838199283e-23
3.78153751326e-23
3.75501383924e-23
3.72874686112e-23
3.70273338644e-23
3.67697053339e-23
3.65145574518e-23
3.62618617408e-23
3.60164445171e-23
3.57685192382e-23
3.55229342766e-23
3.52796607477e-23
3.5038673656e-23
3.47999513715e-23
3.45634752458e-23
3.43292307194e-23
3.40971961118e-23
3.38673503779e-23
3.3639675687e-23
3.34141471843e-23
3.31907387435e-23
3.29694299499e-23
3.27501977506e-23
3.25330170092e-23
3.2317863235e-23
3.21047046719e-23
3.18935163535e-23
3.16800356496e-23
3.1472766908e-23
3.12715752376e-23
3.10680605924e-23
3.08664089737e-23
3.06666076057e-23
3.0468645754e-23
3.02725063389e-23
3.00742022451e-23
2.98816678169e-23
2.96913482932e-23
2.96587435879e-23
2.93149491317e-23
2.91293011613e-23
2.89458809709e-23
2.87635669184e-23
2.85828901819e-23
2.84038326395e-23
2.82259280831e-23
2.80500810589e-23
2.78757887835e-23
2.77030312882e-23
2.75317892514e-23
2.73620474727e-23
2.71933700511e-23
2.7026587461e-23
2.68647385094e-23
2.67008450662e-23
2.65383897422e-23
2.63773566682e-23
2.6217729047e-23
2.60594852022e-23
2.5902601976e-23
2.57470582962e-23
2.55928356911e-23
2.54399175242e-23
2.52882902097e-23
2.51379392249e-23
2.49888487036e-23
2.4841004077e-23
2.46943921233e-23
2.45490008557e-23
2.44048188915e-23
2.42618376677e-23
2.41200473948e-23
2.39794369546e-23
2.38399930451e-23
2.37750179937e-23
2.36403620837e-23
2.34284870563e-23
2.32935385337e-23
2.31596791407e-23
2.30268992537e-23
2.28951887554e-23
2.27645375638e-23
2.26349326765e-23
2.2506360662e-23
2.23788108752e-23
2.22522744232e-23
2.21267423513e-23
2.20022050449e-23
2.18761753076e-23
2.17536132283e-23
2.16320132693e-23
2.15113632742e-23
2.13920117264e-23
2.12732286088e-23
2.1155368345e-23
2.10384213636e-23
2.0922379507e-23
2.08072353985e-23
2.06925900004e-23
2.05792179061e-23
2.04667207216e-23
2.03550879055e-23
2.0244308503e-23
2.01365857381e-23
2.00274713059e-23
1.99191867409e-23
1.9811723318e-23
1.97050715044e-23
1.95992216652e-23
1.94941653173e-23
1.93898958996e-23
1.92864079992e-23
1.91836960412e-23
1.90817540671e-23
1.89805743426e-23
1.88777533625e-23
1.87783730803e-23
1.86794488523e-23
1.85812563753e-23
1.84837885122e-23
1.83870398361e-23
1.82910050451e-23
1.81956777634e-23
1.81007797706e-23
1.80090750624e-23
1.79158190202e-23
1.78232455429e-23
1.77313462161e-23
1.76401121481e-23
1.75495355212e-23
1.75111039845e-23
1.7422233404e-23
1.73340904974e-23
1.72466577212e-23
1.71041716339e-23
1.70176997536e-23
1.69315944621e-23
1.6846105013e-23
1.67612251891e-23
1.66769487055e-23
1.65932698402e-23
1.651018324e-23
1.64276834494e-23
1.63457646694e-23
1.62644204594e-23
1.6183644136e-23
1.61034301268e-23
1.60235359181e-23
1.59444350657e-23
1.58678619894e-23
1.57898456142e-23
1.57123696651e-23
1.56354300132e-23
1.55590219457e-23
1.54831402172e-23
1.54077796781e-23
1.5332934811e-23
1.52586009782e-23
1.51847742818e-23
1.51114508601e-23
1.50386267664e-23
1.49662976576e-23
1.49591756742e-23
1.48872609683e-23
1.48157674822e-23
1.47446985352e-23
1.46119098278e-23
1.45424512153e-23
1.4473456091e-23
1.44049213659e-23
1.43368438079e-23
1.42692200472e-23
1.42020462596e-23
1.41353184351e-23
1.40690318359e-23
1.40031815655e-23
1.39377629285e-23
1.38727716523e-23
1.38082042565e-23
1.37440571051e-23
1.3680326756e-23
1.36170102703e-23
1.35541048203e-23
1.34916072292e-23
1.34295139678e-23
1.33678211346e-23
1.33065248617e-23
1.32456212992e-23
1.31851074657e-23
1.3124980941e-23
1.30652394042e-23
1.30058800973e-23
1.29469000739e-23
1.28882960799e-23
1.28300646234e-23
1.27722018928e-23
1.27147040643e-23
1.26575676848e-23
1.2600789491e-23
1.25443664033e-23
1.24882957592e-23
1.24325757505e-23
1.23772047249e-23
1.232218059e-23
1.2267501061e-23
1.22131636826e-23
1.21591655126e-23
1.2105503651e-23
1.20521752928e-23
1.19991776192e-23
1.19465073245e-23
1.18941610667e-23
1.18421359631e-23
1.17904294187e-23
1.17390389973e-23
1.16879622774e-23
1.16371970217e-23
1.15867410969e-23
1.15365923283e-23
1.14867483195e-23
1.14372064976e-23
1.13879642987e-23
1.13390193843e-23
1.12903694712e-23
1.1242012456e-23
1.11939460207e-23
1.11461674309e-23
1.10986735247e-23
1.10514612089e-23
1.10045278716e-23
1.09578713472e-23
1.09114897733e-23
1.08653816439e-23
1.08195456905e-23
1.07739807323e-23
1.07286855587e-23
1.06836590216e-23
1.06388997796e-23
1.05944063714e-23
1.05501769696e-23
1.05062094812e-23
1.04625014644e-23
1.04190502736e-23
1.03758532036e-23
1.03329076226e-23
1.0290211126e-23
1.02477614568e-23
1.02055564124e-23
1.01635938082e-23
1.01218715597e-23
1.00803878677e-23
1.00391409981e-23
9.99812926472e-24
9.95735111895e-24
9.91680521499e-24
9.8764901817e-24
9.83640463118e-24
9.79654727132e-24
9.75691678128e-24
9.7175118356e-24
9.67833107963e-24
9.63937326514e-24
9.60063712433e-24
9.56212094363e-24
9.52382270624e-24
9.48574029956e-24
9.44787177638e-24
9.4102154016e-24
9.37276957506e-24
9.33553296048e-24
9.29850413335e-24
9.2616814126e-24
9.22506296001e-24
9.18864709269e-24
9.15243244446e-24
9.1164178152e-24
9.08060189286e-24
9.04498328106e-24
9.00956058035e-24
8.97433234506e-24
8.93929710479e-24
8.9044534375e-24
8.86980004175e-24
8.83533580146e-24
8.80105957357e-24
8.76696997133e-24
8.73306543131e-24
8.69934437505e-24
8.66580526768e-24
8.63244659886e-24
8.59926693904e-24
8.56626490749e-24
8.53343912442e-24
8.50078828528e-24
8.46831106842e-24
8.43600636659e-24
8.4038733031e-24
8.37191121138e-24
8.34011944585e-24
8.30849732571e-24
8.27704406186e-24
8.24575867147e-24
8.21464005009e-24
8.18368708457e-24
8.15289872055e-24
8.12227391767e-24
8.09181146864e-24
8.06150997943e-24
8.03136801379e-24
8.00138405631e-24
7.97155654092e-24
7.94188404974e-24
7.91236535212e-24
7.88299932761e-24
7.85378492453e-24
7.82472108364e-24
7.79580679585e-24
7.76704115771e-24
7.73842333848e-24
7.70995267262e-24
7.68162858194e-24
7.65345052005e-24
7.62541793576e-24
7.59753004982e-24
7.56978590889e-24
7.54218449725e-24
7.51472473193e-24
7.48740552921e-24
7.46022579583e-24
7.43318444959e-24
7.40628036564e-24
7.3795123042e-24
7.35287896885e-24
7.32637906224e-24
7.30001141297e-24
7.27377509325e-24
7.24766937967e-24
7.22169362701e-24
7.19584728465e-24
7.17012982114e-24
7.14454071411e-24
7.11907939459e-24
7.09374514404e-24
7.06853722844e-24
7.04345501582e-24
7.01849791695e-24
6.99366532664e-24
6.96895650401e-24
6.9443706237e-24
6.9199068648e-24
6.89556439242e-24
6.87134236495e-24
6.84723988666e-24
6.82325598519e-24
6.79938983949e-24
6.77564076882e-24
6.75200798614e-24
6.72849060653e-24
6.70508776322e-24
6.68179867593e-24
6.65862261456e-24
6.63555881392e-24
6.61260649757e-24
6.58976490065e-24
6.56703327414e-24
6.5444109125e-24
6.52189709649e-24
6.49949105895e-24
6.47719208872e-24
6.45499959141e-24
6.43291303104e-24
6.41093186281e-24
6.38905548717e-24
6.36728334375e-24
6.34561495909e-24
6.32404987032e-24
6.30258758558e-24
6.28122760019e-24
6.25996936556e-24
6.23881231878e-24
6.21775590782e-24
6.19679957145e-24
6.17594266643e-24
6.15518449225e-24
6.13452435064e-24
6.11396156209e-24
6.09349547124e-24
6.07312533049e-24
6.05285035774e-24
6.03266980425e-24
6.0125829422e-24
5.99258908779e-24
5.97268763359e-24
5.95287801715e-24
5.93315971804e-24
5.91353224429e-24
5.89399515302e-24
5.87454800095e-24
5.85519030297e-24
5.83592153742e-24
5.8167412357e-24
5.79764900366e-24
5.7786444303e-24
5.7597270645e-24
5.74089645238e-24
5.7221521527e-24
5.70349371176e-24
5.68492062443e-24
5.66643235434e-24
5.64802837699e-24
5.62970815416e-24
5.61147115894e-24
5.59331687199e-24
5.57524482819e-24
5.55725453025e-24
5.53934544277e-24
5.52151707e-24
5.50376895589e-24
5.48610063906e-24
5.46851164502e-24
5.45100150892e-24
5.43356974009e-24
5.41621586026e-24
5.39893941403e-24
5.38173994489e-24
5.36461698948e-24
5.34757008704e-24
5.33059873129e-24
5.3137024636e-24
5.2968808712e-24
5.28013352352e-24
5.26345995115e-24
5.246859696e-24
5.23033235809e-24
5.2138775576e-24
5.19749494466e-24
5.18118417372e-24
5.16494489319e-24
5.14877675997e-24
5.13267944673e-24
5.11665264274e-24
5.10069602803e-24
5.08480924398e-24
5.06899190077e-24
5.05324361114e-24
5.03756403637e-24
5.02195283603e-24
5.00640959276e-24
4.99093384407e-24
4.97552511726e-24
4.96018291322e-24
4.94490674052e-24
4.92969611415e-24
4.91455054713e-24
4.89946956029e-24
4.88445271422e-24
4.86949963566e-24
4.85460996916e-24
4.83978337782e-24
4.82501952402e-24
4.81031806506e-24
4.7956786769e-24
4.7811010826e-24
4.76658500936e-24
4.75213023275e-24
4.73773657975e-24
4.72340386671e-24
4.70913190427e-24
4.69492051862e-24
4.68076952152e-24
4.66667865709e-24
4.65264761544e-24
4.63867608701e-24
4.62476376174e-24
4.61091031276e-24
4.59711540288e-24
4.58337867462e-24
4.56969973742e-24
4.55607820575e-24
4.54251367951e-24
4.52900572126e-24
4.51555388489e-24
4.50215772162e-24
4.48881676952e-24
4.47553057893e-24
4.46229878494e-24
4.4491211007e-24
4.4359972432e-24
4.42292692594e-24
4.4099098808e-24
4.39694585604e-24
4.38403461114e-24
4.37117594511e-24
4.35836966398e-24
4.34561556642e-24
4.33291346549e-24
4.32026318418e-24
4.30766455426e-24
4.29511741813e-24
4.28262161157e-24
4.27017691618e-24
4.2577830559e-24
4.24543975234e-24
4.2331467234e-24
4.22090368228e-24
4.20871032826e-24
4.19656635841e-24
4.18447146232e-24
4.17242532492e-24
4.16042764205e-24
4.14847811032e-24
4.13657642812e-24
4.12472229926e-24
4.11291542235e-24
4.10115549094e-24
4.08944220425e-24
4.07777530205e-24
4.06615455351e-24
4.05457972624e-24
4.04305060242e-24
4.03156696437e-24
4.02012860176e-24
4.0087353062e-24
3.99738688395e-24
3.98608315057e-24
3.97482392372e-24
3.96360902726e-24
3.95243829084e-24
3.941311552e-24
3.93022865123e-24
3.91918942644e-24
3.9081937192e-24
3.89724134351e-24
3.88633208622e-24
3.87546574244e-24
3.86464208833e-24
3.85386089767e-24
3.84312195156e-24
3.83242503026e-24
3.82176990719e-24
3.81115635311e-24
3.80058412495e-24
3.79005296127e-24
3.77956258529e-24
3.76911271594e-24
3.7587030728e-24
3.74833338798e-24
3.73800340356e-24
3.72771286801e-24
3.71746156962e-24
3.70724930433e-24
3.69707587358e-24
3.68694110452e-24
3.6768448186e-24
3.66678683352e-24
3.65676696801e-24
3.64678503509e-24
3.63684085071e-24
3.62693425426e-24
3.61706511704e-24
3.60723332874e-24
3.59743878351e-24
3.58768137289e-24
3.57796096808e-24
3.56827744298e-24
3.55863066978e-24
3.54902048768e-24
3.53944672864e-24
3.52990921725e-24
3.52040777205e-24
3.51094222635e-24
3.50151241528e-24
3.49211817183e-24
3.48275933301e-24
3.47343573594e-24
3.46414721174e-24
3.45489356328e-24
3.445674577e-24
3.43649003139e-24
3.42733970605e-24
3.4182233956e-24
3.40914088933e-24
3.40009197467e-24
3.39107647388e-24
3.38209422486e-24
3.37314507233e-24
3.36422885624e-24
3.35534539678e-24
3.34649451135e-24
3.33767601798e-24
3.32888973609e-24
3.32013548858e-24
3.31141309201e-24
3.30272238117e-24
3.29406321076e-24
3.28543544235e-24
3.27683894172e-24
3.26827357393e-24
3.25973920565e-24
3.25123572008e-24
3.24276299791e-24
3.23432090808e-24
3.22590931376e-24
3.21752807995e-24
3.20917710248e-24
3.20085628847e-24
3.19256554677e-24
3.1843047931e-24
3.1760739348e-24
3.16787288441e-24
3.15970155746e-24
3.15155985322e-24
3.14344766255e-24
3.13536487327e-24
3.12731137275e-24
3.11928704847e-24
3.11129177737e-24
3.10332541603e-24
3.09538781364e-24
3.0874788258e-24
3.07959831226e-24
3.07174611702e-24
3.06392205684e-24
3.05612594389e-24
3.0483575881e-24
3.04061679991e-24
3.03290340249e-24
3.02521721357e-24
3.017558053e-24
3.00992575604e-24
3.00232017005e-24
2.99474114746e-24
2.98718853678e-24
2.97966217726e-24
2.97216191626e-24
2.96468762491e-24
2.95723919624e-24
2.94981652379e-24
2.94241949909e-24
2.93504802578e-24
2.92770203121e-24
2.92038144895e-24
2.91308621396e-24
2.90581626054e-24
2.89857151616e-24
2.89135191161e-24
2.88415737879e-24
2.8769878377e-24
2.86984319978e-24
2.86272337353e-24
2.85562827003e-24
2.84855781797e-24
2.84151195413e-24
2.83449059811e-24
2.82749364994e-24
2.82052099967e-24
2.81357253971e-24
2.80664815752e-24
2.79974772708e-24
2.79287111542e-24
2.78601818872e-24
2.77918881094e-24
2.77238285057e-24
2.76560018133e-24
2.75884067734e-24
2.75210421678e-24
2.74539068673e-24
2.73869997685e-24
2.73203197758e-24
2.72538657397e-24
2.7187636307e-24
2.7121630128e-24
2.70558459643e-24
2.69902826896e-24
2.69249392459e-24
2.68598145901e-24
2.67949077865e-24
2.67302180293e-24
2.66657445423e-24
2.66014865536e-24
2.65374433341e-24
2.64736141434e-24
2.64099981449e-24
2.63465944765e-24
2.62834022679e-24
2.6220420637e-24
2.61576487051e-24
2.60950855857e-24
2.60327304113e-24
2.59705824682e-24
2.59086410853e-24
2.58469055982e-24
2.57853753818e-24
2.57240498001e-24
2.56629281945e-24
2.56020098186e-24
2.55412937885e-24
2.5480779197e-24
2.54204651373e-24
2.53603506716e-24
2.53004348034e-24
2.5240716687e-24
2.51811955553e-24
2.51218706679e-24
2.50627412683e-24
2.50038065842e-24
2.49450658382e-24
2.48865182792e-24
2.48281631099e-24
2.47699994726e-24
2.47120264473e-24
2.46542430494e-24
2.45966482662e-24
2.45392411162e-24
2.44820206431e-24
2.44249859758e-24
2.43681363091e-24
2.43114708307e-24
2.42549887293e-24
2.41986892347e-24
2.41425715728e-24
2.40866347945e-24
2.4030877918e-24
2.39752999674e-24
2.39199000256e-24
2.38646772391e-24
2.38096307775e-24
2.37547597931e-24
2.37000634786e-24
2.36455410778e-24
2.35911919276e-24
2.3537015419e-24
2.34830109378e-24
2.3429177866e-24
2.33755155868e-24
2.33220234878e-24
2.3268700979e-24
2.32155474938e-24
2.31625624679e-24
2.31097453182e-24
2.30570954706e-24
2.30046125149e-24
2.29522960897e-24
2.29001458302e-24
2.28481613151e-24
2.27963420489e-24
2.27446874931e-24
2.26931971154e-24
2.26418703587e-24
2.25907066012e-24
2.25397051451e-24
2.24888652253e-24
2.24381861638e-24
2.23876673263e-24
2.23373080776e-24
2.22871077384e-24
2.22370655544e-24
2.21871807294e-24
2.21374524622e-24
2.20878799568e-24
2.20384624482e-24
2.19891991308e-24
2.1940089129e-24
2.18911315606e-24
2.18423255673e-24
2.17936703376e-24
2.1745165111e-24
2.16968091615e-24
2.16486017884e-24
2.1600542327e-24
2.155263016e-24
2.15048647606e-24
2.14572456176e-24
2.14097721094e-24
2.13624435927e-24
2.13152594294e-24
2.12682190593e-24
2.1221322037e-24
2.1174567967e-24
2.11279564597e-24
2.10814871206e-24
2.1035159513e-24
2.09889732018e-24
2.0942927804e-24
2.08970229466e-24
2.08512582506e-24
2.08056333436e-24
2.07601478555e-24
2.07148013891e-24
2.06695935016e-24
2.06245237451e-24
2.05795916593e-24
2.05347967234e-24
2.04901383786e-24
2.04456161584e-24
2.04012296346e-24
2.03569783836e-24
2.03128619192e-24
2.02688796366e-24
2.02250308708e-24
2.01813149471e-24
2.01377311905e-24
2.0094278953e-24
2.00509576625e-24
2.00077667149e-24
1.99647054897e-24
1.99217733858e-24
1.9878969795e-24
1.98362940955e-24
1.97937456696e-24
1.97513239403e-24
1.97090283459e-24
1.96668583059e-24
1.96248132474e-24
1.95828926524e-24
1.95410960054e-24
1.94994227714e-24
1.94578724189e-24
1.94164444265e-24
1.93751383591e-24
1.93339538621e-24
1.92928906047e-24
1.92519482595e-24
1.92111264995e-24
1.91704249552e-24
1.91298431741e-24
1.90893807238e-24
1.90490371773e-24
1.9008812083e-24
1.89687050072e-24
1.89287155149e-24
1.88888431487e-24
1.88490874432e-24
1.88094479354e-24
1.87699242041e-24
1.87305158353e-24
1.86912223871e-24
1.8652043431e-24
1.86129785612e-24
1.85740273647e-24
1.85351894215e-24
1.84964642529e-24
1.84578513724e-24
1.84193503078e-24
1.8380960587e-24
1.83426817365e-24
1.83045133e-24
1.82664549117e-24
1.82285062449e-24
1.81906669761e-24
1.81529367958e-24
1.81153153762e-24
1.80778023783e-24
1.80403975284e-24
1.800310057e-24
1.79659112494e-24
1.79288292779e-24
1.7891854336e-24
1.78549861149e-24
1.78182243083e-24
1.77815685562e-24
1.77450184957e-24
1.77085737765e-24
1.76722340646e-24
1.76359990365e-24
1.75998683115e-24
1.75638414992e-24
1.75279182103e-24
1.74920980571e-24
1.74563806283e-24
1.7420765447e-24
1.73852520088e-24
1.73498398069e-24
1.731452835e-24
1.72793172123e-24
1.724420596e-24
1.72091940903e-24
1.71742810696e-24
1.71394663533e-24
1.71047494207e-24
1.70701297674e-24
1.70356068849e-24
1.70011802739e-24
1.69668494983e-24
1.69326141364e-24
1.68984737592e-24
1.68644279297e-24
1.68304762217e-24
1.67966182795e-24
1.67628537615e-24
1.67291823264e-24
1.66956036311e-24
1.66621173443e-24
1.66287231951e-24
1.65954209608e-24
1.65622104221e-24
1.65290913427e-24
1.649606343e-24
1.64631263716e-24
1.64302799234e-24
1.6397523894e-24
1.63648581333e-24
1.63322825005e-24
1.62997968648e-24
1.62674010976e-24
1.623509507e-24
1.62028786297e-24
1.6170751606e-24
1.61387138344e-24
1.6106765154e-24
1.60749054084e-24
1.6043134392e-24
1.60114518735e-24
1.59798576212e-24
1.5948351404e-24
1.59169329922e-24
1.58856021333e-24
1.58543585074e-24
1.58232017737e-24
1.5792131597e-24
1.57611476527e-24
1.57302496407e-24
1.56994372498e-24
1.56687101249e-24
1.56380678542e-24
1.56075099938e-24
1.5577036071e-24
1.55466455877e-24
1.55163380488e-24
1.54861129656e-24
1.54559698623e-24
1.54259082716e-24
1.53959277283e-24
1.53660277666e-24
1.53362079218e-24
1.53064677827e-24
1.52768069649e-24
1.52472250824e-24
1.521772175e-24
1.51882965804e-24
1.51589491919e-24
1.51296792432e-24
1.51004864105e-24
1.50713703689e-24
1.50423308096e-24
1.50133674471e-24
1.49844800051e-24
1.49556682443e-24
1.49269319649e-24
1.48982710058e-24
1.48696852316e-24
1.48411745532e-24
1.48127388845e-24
1.47843781316e-24
1.47560922033e-24
1.47278810164e-24
1.4699744486e-24
1.46716825283e-24
1.46436950576e-24
1.46157819506e-24
1.45879430336e-24
1.45601781375e-24
1.45324870948e-24
1.45048697367e-24
1.44773259041e-24
1.44498554498e-24
1.44224582328e-24
1.43951341169e-24
1.43678829614e-24
1.43407045929e-24
1.43135988175e-24
1.42865654274e-24
1.42596041847e-24
1.42327148257e-24
1.42058970718e-24
1.41791506064e-24
1.41524750787e-24
1.41258701415e-24
1.40993354563e-24
1.40728706741e-24
1.40464754432e-24
1.4020149419e-24
1.39938922556e-24
1.39677036143e-24
1.39415831975e-24
1.39155307565e-24
1.38895460369e-24
1.38636287832e-24
1.38377787402e-24
1.38119956449e-24
1.378627921e-24
1.37606291154e-24
1.37350450332e-24
1.37095266368e-24
1.36840736128e-24
1.36586856738e-24
1.36333625399e-24
1.36081039523e-24
1.35829096714e-24
1.35577794709e-24
1.35327131454e-24
1.35077105377e-24
1.34827714954e-24
1.34578958623e-24
1.34330834854e-24
1.34083342165e-24
1.33836479039e-24
1.33590244011e-24
1.33344635596e-24
1.33099652098e-24
1.32855291342e-24
1.32611551044e-24
1.32368428965e-24
1.32125922869e-24
1.31884030534e-24
1.31642749894e-24
1.314020793e-24
1.31162017489e-24
1.30922563255e-24
1.30683715511e-24
1.30445473128e-24
1.30207834832e-24
1.29970799294e-24
1.29734365131e-24
1.29498530786e-24
1.2926329462e-24
1.29028654729e-24
1.28794608904e-24
1.28561154926e-24
1.28328290574e-24
1.28096013701e-24
1.2786432235e-24
1.27633214581e-24
1.27402688415e-24
1.27172741898e-24
1.26943373281e-24
1.2671458119e-24
1.26486364429e-24
1.26258721812e-24
1.26031652149e-24
1.25805154244e-24
1.25579226772e-24
1.2535386798e-24
1.25129075688e-24
1.24904847603e-24
1.24681181288e-24
1.24458074248e-24
1.24235524214e-24
1.24013529021e-24
1.2379208652e-24
1.2357119464e-24
1.23350851391e-24
1.2313105486e-24
1.2291180338e-24
1.22693095328e-24
1.22474929111e-24
1.22257303091e-24
1.22040215376e-24
1.21823663988e-24
1.21607646979e-24
1.21392162396e-24
1.21177208198e-24
1.20962782174e-24
1.2074888193e-24
1.20535505023e-24
1.20322649007e-24
1.20110311433e-24
1.19898489878e-24
1.19687182092e-24
1.19476386238e-24
1.19266100826e-24
1.19056324494e-24
1.18847056038e-24
1.18638294192e-24
1.18430037472e-24
1.18222284331e-24
1.1801503325e-24
1.17808282723e-24
1.17602031266e-24
1.17396277342e-24
1.17191019319e-24
1.16986255561e-24
1.1678198444e-24
1.16578204401e-24
1.16374914195e-24
1.16172112714e-24
1.15969798938e-24
1.15767971874e-24
1.15566630572e-24
1.15365774146e-24
1.15165401753e-24
1.14965512553e-24
1.14766105704e-24
1.1456718038e-24
1.14368735741e-24
1.1417077093e-24
1.13973284944e-24
1.13776276495e-24
1.13579744166e-24
1.13383686466e-24
1.13188101877e-24
1.12992989099e-24
1.12798346884e-24
1.12604173949e-24
1.1241046899e-24
1.1221723063e-24
1.12024457501e-24
1.11832148317e-24
1.11640301814e-24
1.11448916712e-24
1.11257991713e-24
1.11067525328e-24
1.10877515866e-24
1.10687961526e-24
1.10498860443e-24
1.10310210744e-24
1.10122010544e-24
1.09934258009e-24
1.09746951379e-24
1.09560088956e-24
1.09373669037e-24
1.09187689906e-24
1.09002149856e-24
1.08817047051e-24
1.08632379686e-24
1.08448146109e-24
1.0826434474e-24
1.08080974056e-24
1.07898032562e-24
1.07715518668e-24
1.07533430782e-24
1.07351767348e-24
1.07170526874e-24
1.06989707955e-24
1.06809309186e-24
1.06629329123e-24
1.06449766318e-24
1.06270619347e-24
1.06091886805e-24
1.05913567444e-24
1.05735660244e-24
1.05558164278e-24
1.05381078664e-24
1.05204402524e-24
1.05028134998e-24
1.04852275135e-24
1.04676821895e-24
1.04501774171e-24
1.04327130848e-24
1.04152890829e-24
1.0397905301e-24
1.03805616415e-24
1.03632580255e-24
1.03459943693e-24
1.03287705888e-24
1.03115866002e-24
1.02944423135e-24
1.02773376396e-24
1.0260272494e-24
1.02432467991e-24
1.02262604778e-24
1.02093134408e-24
1.01924055959e-24
1.01755368479e-24
1.01587070986e-24
1.01419162495e-24
1.01251641997e-24
1.01084508456e-24
1.00917760638e-24
1.0075139721e-24
1.00585416858e-24
1.00419818288e-24
1.00254600196e-24
1.00089761299e-24
9.99253004725e-25
9.97612166416e-25
9.95975087556e-25
9.94341757638e-25
9.92712166114e-25
9.91086302419e-25
9.89464154115e-25
9.87845707486e-25
9.86230949125e-25
9.846198653e-25
9.83012442182e-25
9.81408666651e-25
9.79808526077e-25
9.78212007224e-25
9.76619095086e-25
9.75029774375e-25
9.73444030712e-25
9.71861849986e-25
9.70283218842e-25
9.6870812488e-25
9.67136555806e-25
9.65568499662e-25
9.64003944655e-25
9.6244288029e-25
9.60885297555e-25
9.5933118717e-25
9.57780539524e-25
9.56233345003e-25
9.54689593947e-25
9.53149275392e-25
9.51612378186e-25
9.50078891649e-25
9.485488051e-25
9.47022107894e-25
9.4549878938e-25
9.43978839753e-25
9.42462251656e-25
9.40949018026e-25
9.3943913179e-25
9.37932586028e-25
9.3642937354e-25
9.34929486229e-25
9.33432915992e-25
9.31939656173e-25
9.30449702031e-25
9.28963049138e-25
9.27479693205e-25
9.25999629824e-25
9.24522853337e-25
9.23049357436e-25
9.21579135683e-25
9.20112181267e-25
9.18648487246e-25
9.17188045742e-25
9.15730848092e-25
9.14276886136e-25
9.12826151983e-25
9.11378637741e-25
9.09934335634e-25
9.08493238891e-25
9.0705534046e-25
9.05620632822e-25
9.0418910845e-25
9.02760759775e-25
9.01335579212e-25
8.99913558388e-25
8.98494686839e-25
8.97078953316e-25
8.95666346735e-25
8.94256856347e-25
8.92850471901e-25
8.91447184075e-25
8.90046983731e-25
8.88649860781e-25
8.87255803231e-25
8.8586479826e-25
8.84476832049e-25
8.83091890677e-25
8.8170996116e-25
8.8033103155e-25
8.78955090048e-25
8.77582125269e-25
8.76212126154e-25
8.74845082026e-25
8.73480982747e-25
8.72119818219e-25
8.70761578145e-25
8.69406252215e-25
8.68053830209e-25
8.66704301598e-25
8.65357655263e-25
8.64013880664e-25
8.62672967367e-25
8.61334904957e-25
8.59999683038e-25
8.58667291263e-25
8.57337720131e-25
8.56010961818e-25
8.54687009369e-25
8.53365855764e-25
8.52047493603e-25
8.50731915008e-25
8.49419112056e-25
8.48109076855e-25
8.46801802529e-25
8.45497283801e-25
8.44195516526e-25
8.42896497873e-25
8.41600225048e-25
8.40306694399e-25
8.39015901674e-25
8.37727842533e-25
8.36442512318e-25
8.35159906124e-25
8.33880019143e-25
8.32602847196e-25
8.31328386364e-25
8.30056632906e-25
8.28787583092e-25
8.27521233081e-25
8.26257579175e-25
8.24996618366e-25
8.2373834749e-25
8.22482763327e-25
8.21229862656e-25
8.19979642273e-25
8.18732099024e-25
8.17487229672e-25
8.16245030007e-25
8.15005494636e-25
8.13768617665e-25
8.12534393043e-25
8.11302814732e-25
8.100738762e-25
8.08847570637e-25
8.07623891004e-25
8.06402829016e-25
8.05184375676e-25
8.03968520351e-25
8.02755252035e-25
8.01544559932e-25
8.00336433768e-25
7.99130863403e-25
7.97927838847e-25
7.96727350464e-25
7.95529388661e-25
7.9433394286e-25
7.93141001715e-25
7.91950553656e-25
7.90762587078e-25
7.89577090397e-25
7.88394052187e-25
7.87213460958e-25
7.86035305276e-25
7.84859574042e-25
7.83686256219e-25
7.82515340754e-25
7.81346816574e-25
7.80180672535e-25
7.79016897616e-25
7.77855481663e-25
7.76696415582e-25
7.75539691161e-25
7.74385300828e-25
7.73233237427e-25
7.72083494998e-25
7.70936068181e-25
7.69790951563e-25
7.68648140396e-25
7.67507630359e-25
7.66369418629e-25
7.65233502939e-25
7.6409988096e-25
7.62968550204e-25
7.61839508119e-25
7.60712752084e-25
7.59588279217e-25
7.58466086553e-25
7.57346171978e-25
7.56228534229e-25
7.55113172307e-25
7.54000085312e-25
7.52889272342e-25
7.51780732402e-25
7.50674464305e-25
7.49570466339e-25
7.48468736262e-25
7.47369271644e-25
7.46272070056e-25
7.45177129111e-25
7.44084446431e-25
7.42994019718e-25
7.41905846508e-25
7.40819923634e-25
7.39736247228e-25
7.38654812432e-25
7.3757561415e-25
7.36498646829e-25
7.35423903664e-25
7.34351377693e-25
7.33281062045e-25
7.32212949715e-25
7.31147033255e-25
7.30083304092e-25
7.29021753521e-25
7.27962372936e-25
7.26905153911e-25
7.25850088059e-25
7.24797167044e-25
7.23746382706e-25
7.22697726926e-25
7.21651190865e-25
7.20606765699e-25
7.19564442639e-25
7.18524212863e-25
7.17486067557e-25
7.16449998036e-25
7.1541599592e-25
7.14384053717e-25
7.13354164549e-25
7.12326321747e-25
7.11300518644e-25
7.1027674853e-25
7.0925500468e-25
7.08235280248e-25
7.07217568088e-25
7.06201861115e-25
7.05188152586e-25
7.04176436478e-25
7.03166706802e-25
7.02158957149e-25
7.01153182137e-25
7.00149376948e-25
6.99147536771e-25
6.98147656949e-25
6.97149732803e-25
6.96153760358e-25
6.95159736002e-25
6.94167656101e-25
6.93177516868e-25
6.92189314484e-25
6.91203045171e-25
6.90218705207e-25
6.89236290803e-25
6.88255798608e-25
6.8727722597e-25
6.86300569943e-25
6.85325827675e-25
6.8435299635e-25
6.83382073126e-25
6.82413054979e-25
6.8144593842e-25
6.80480719168e-25
6.79517392717e-25
6.78555954495e-25
6.77596399934e-25
6.76638724508e-25
6.75682923705e-25
6.74728993287e-25
6.73776929741e-25
6.72826729789e-25
6.71878390063e-25
6.70931907007e-25
6.69987277583e-25
6.69044499462e-25
6.68103569572e-25
6.6716448451e-25
6.66227240714e-25
6.65291834443e-25
6.64358262034e-25
6.63426519481e-25
6.6249660256e-25
6.61568507057e-25
6.60642228837e-25
6.59717763759e-25
6.58795107628e-25
6.57874256152e-25
6.56955205027e-25
6.56037949666e-25
6.55122484377e-25
6.5420880352e-25
6.53296901596e-25
6.52386773092e-25
6.51478412497e-25
6.50571814397e-25
6.49666973549e-25
6.48763885417e-25
6.47862545732e-25
6.46962950282e-25
6.46065094873e-25
6.45168975303e-25
6.44274587375e-25
6.43381926879e-25
6.42490989155e-25
6.41601769007e-25
6.4071426128e-25
6.39828460789e-25
6.38944362073e-25
6.38061958828e-25
6.37181244546e-25
6.36302213408e-25
6.35424859769e-25
6.34549178237e-25
6.33675163473e-25
6.32802810199e-25
6.31932113418e-25
6.3106306822e-25
6.30195669708e-25
6.29329912958e-25
6.28465793068e-25
6.27603305148e-25
6.26742444411e-25
6.25883206118e-25
6.2502558585e-25
6.24169580216e-25
6.23315185943e-25
6.22462399589e-25
6.21611217714e-25
6.20761636883e-25
6.19913653626e-25
6.1906726439e-25
6.18222465131e-25
6.17379251818e-25
6.16537620571e-25
6.15697567506e-25
6.14859088717e-25
6.14022180279e-25
6.13186838199e-25
6.1235305857e-25
6.11520838049e-25
6.10690173312e-25
6.09861061095e-25
6.09033498353e-25
6.08207482543e-25
6.07383011628e-25
6.06560083232e-25
6.05738694741e-25
6.0491884333e-25
6.04100526237e-25
6.03283740723e-25
6.02468483981e-25
6.01654753159e-25
6.00842545366e-25
6.00031857758e-25
5.99222687574e-25
5.98415032095e-25
5.97608888627e-25
5.96804254442e-25
5.96001126788e-25
5.95199502494e-25
5.94399377912e-25
5.93600749656e-25
5.92803614581e-25
5.92007969547e-25
5.91213811411e-25
5.90421137007e-25
5.89629943201e-25
5.88840227159e-25
5.88051985714e-25
5.87265215516e-25
5.86479913217e-25
5.85696075505e-25
5.8491369911e-25
5.84132780875e-25
5.83353317738e-25
5.82575306321e-25
5.8179874326e-25
5.81023625051e-25
5.80249947947e-25
5.79477707945e-25
5.78706900798e-25
5.77937522539e-25
5.77169569386e-25
5.76403037694e-25
5.75637923736e-25
5.74874223685e-25
5.74111933651e-25
5.733510496e-25
5.72591567508e-25
5.71833483319e-25
5.71076792874e-25
5.70321491983e-25
5.69567576449e-25
5.6881504206e-25
5.68063884644e-25
5.67314100175e-25
5.66565684984e-25
5.65818635251e-25
5.65072946865e-25
5.64328615708e-25
5.63585637665e-25
5.62844008666e-25
5.62103724763e-25
5.61364781985e-25
5.60627176443e-25
5.5989090471e-25
5.59155963443e-25
5.58422349285e-25
5.5769005882e-25
5.56959088607e-25
5.56229435002e-25
5.55501094283e-25
5.54774062825e-25
5.54048337002e-25
5.53323913456e-25
5.52600789139e-25
5.51878961117e-25
5.51158426469e-25
5.50439182204e-25
5.49721225277e-25
5.49004552522e-25
5.48289161075e-25
5.47575048228e-25
5.46862211484e-25
5.461506486e-25
5.45440357362e-25
5.44731335606e-25
5.44023581268e-25
5.4331709223e-25
5.42611866358e-25
5.41907901573e-25
5.41205195773e-25
5.4050374681e-25
5.39803552525e-25
5.39104610976e-25
5.38406920455e-25
5.37710479279e-25
5.3701528576e-25
5.36321338183e-25
5.35628634724e-25
5.34937173482e-25
5.34246952579e-25
5.33557969878e-25
5.32870223119e-25
5.32183710046e-25
5.31498428447e-25
5.30814376142e-25
5.30131551e-25
5.29449951082e-25
5.28769574508e-25
5.28090419487e-25
5.27412484124e-25
5.26735766124e-25
5.2606026305e-25
5.25385972457e-25
5.24712891861e-25
5.24041018692e-25
5.23370350404e-25
5.22700884415e-25
5.22032617828e-25
5.21365547712e-25
5.20699670816e-25
5.20034983755e-25
5.19371483135e-25
5.18709165501e-25
5.18048027383e-25
5.17388065446e-25
5.1672927633e-25
5.16071656647e-25
5.15415203043e-25
5.14759912155e-25
5.14105780441e-25
5.13452804222e-25
5.1280097982e-25
5.12150303585e-25
5.11500771869e-25
5.10852381044e-25
5.10205127572e-25
5.09559008018e-25
5.0891401894e-25
5.08270156912e-25
5.07627418617e-25
5.06985800739e-25
5.06345299929e-25
5.05705912813e-25
5.05067636028e-25
5.04430466165e-25
5.03794399833e-25
5.0315943354e-25
5.02525563806e-25
5.01892787551e-25
5.012611019e-25
5.00630504032e-25
5.00000991257e-25
4.99372561167e-25
4.98745211415e-25
4.9811893961e-25
4.97493743499e-25
4.96869620902e-25
4.96246569852e-25
4.95624588644e-25
4.95003675568e-25
4.94383828928e-25
4.93765047143e-25
4.93147328543e-25
4.92530671402e-25
4.91915074084e-25
4.91300534969e-25
4.90687052422e-25
4.90074624888e-25
4.89463250935e-25
4.88852929074e-25
4.88243657801e-25
4.8763543561e-25
4.87028260995e-25
4.86422132419e-25
4.85817048285e-25
4.85213006873e-25
4.84610006534e-25
4.84008045737e-25
4.83407122923e-25
4.82807236531e-25
4.82208385029e-25
4.81610566895e-25
4.81013780589e-25
4.80418024566e-25
4.79823297264e-25
4.79229597253e-25
4.78636923086e-25
4.78045272924e-25
4.77454644798e-25
4.76865036738e-25
4.76276446575e-25
4.75688871858e-25
4.75102310073e-25
4.74516758739e-25
4.73932215362e-25
4.73348677447e-25
4.72766142376e-25
4.7218460731e-25
4.71604069431e-25
4.71024525952e-25
4.70445973975e-25
4.698684106e-25
4.69291833004e-25
4.68716238303e-25
4.681416236e-25
4.67567985999e-25
4.66995322659e-25
4.66423630764e-25
4.65852907667e-25
4.65283150873e-25
4.64714357928e-25
4.64146526379e-25
4.63579653782e-25
4.63013737768e-25
4.62448776022e-25
4.6188476633e-25
4.6132170623e-25
