0.0001 447.02 411.58 373.27 332.33 289.24 244.77 200.04 156.46 115.65 79.235 
0.00010202 455.69 419.55 380.5 338.77 294.84 249.51 203.91 159.49 117.89 80.77 
0.00010408 464.51 427.68 387.88 345.34 300.55 254.34 207.86 162.58 120.18 82.335 
0.00010618 473.51 435.97 395.39 352.03 306.38 259.27 211.89 165.73 122.51 83.931 
0.00010833 482.69 444.41 403.05 358.85 312.31 264.3 216.0 168.94 124.88 85.557 
0.00011052 492.04 453.02 410.86 365.8 318.36 269.42 220.18 172.22 127.3 87.215 
0.00011275 501.57 461.8 418.82 372.89 324.53 274.64 224.45 175.55 129.77 88.904 
0.00011503 511.29 470.75 426.93 380.11 330.82 279.96 228.79 178.96 132.28 90.627 
0.00011735 521.19 479.87 435.2 387.47 337.23 285.38 233.23 182.42 134.84 92.383 
0.00011972 531.29 489.16 443.63 394.98 343.76 290.91 237.75 185.96 137.45 94.172 
0.00012214 541.58 498.64 452.23 402.63 350.42 296.54 242.35 189.56 140.12 95.997 
0.00012461 552.07 508.3 460.99 410.43 357.21 302.29 247.05 193.23 142.83 97.856 
0.00012712 562.76 518.14 469.92 418.38 364.13 308.14 251.83 196.97 145.6 99.752 
0.00012969 573.66 528.18 479.02 426.48 371.18 314.11 256.71 200.79 148.42 101.68 
0.00013231 584.77 538.41 488.3 434.74 378.37 320.2 261.68 204.68 151.29 103.65 
0.00013499 596.1 548.83 497.75 443.16 385.7 326.4 266.75 208.64 154.22 105.66 
0.00013771 607.64 559.46 507.39 451.75 393.17 332.72 271.92 212.68 157.21 107.71 
0.00014049 619.41 570.3 517.22 460.49 400.78 339.16 277.18 216.8 160.26 109.79 
0.00014333 631.41 581.34 527.24 469.41 408.54 345.73 282.55 221.0 163.36 111.92 
0.00014623 643.63 592.6 537.45 478.5 416.45 352.43 288.02 225.28 166.52 114.09 
0.00014918 656.1 604.07 547.85 487.77 424.52 359.25 293.6 229.64 169.75 116.3 
0.0001522 668.8 615.77 558.46 497.21 432.74 366.21 299.28 234.09 173.04 118.55 
0.00015527 681.75 627.69 569.27 506.84 441.12 373.3 305.08 238.62 176.39 120.85 
0.00015841 694.95 639.84 580.3 516.65 449.66 380.53 310.99 243.25 179.8 123.19 
0.00016161 708.4 652.23 591.53 526.66 458.36 387.89 317.01 247.95 183.28 125.57 
0.00016487 722.11 664.86 602.98 536.85 467.24 395.4 323.15 252.76 186.83 128.0 
0.0001682 736.09 677.73 614.65 547.24 476.28 403.06 329.4 257.65 190.45 130.48 
0.0001716 750.34 690.85 626.55 557.84 485.5 410.86 335.78 262.64 194.14 133.01 
0.00017507 764.86 704.22 638.68 568.63 494.9 418.81 342.28 267.72 197.9 135.58 
0.0001786 779.67 717.85 651.04 579.64 504.48 426.92 348.9 272.9 201.73 138.21 
0.00018221 794.76 731.74 663.64 590.86 514.24 435.18 355.66 278.19 205.63 140.88 
0.00018589 810.13 745.9 676.48 602.29 524.19 443.6 362.54 283.57 209.61 143.61 
0.00018965 825.81 760.33 689.57 613.95 534.34 452.19 369.56 289.06 213.67 146.39 
0.00019348 841.79 775.05 702.91 625.83 544.68 460.94 376.71 294.65 217.8 149.22 
0.00019739 858.08 790.04 716.51 637.94 555.22 469.86 384.0 300.35 222.02 152.11 
0.00020138 874.68 805.32 730.38 650.28 565.96 478.95 391.43 306.17 226.31 155.06 
0.00020544 891.59 820.9 744.51 662.86 576.91 488.21 399.0 312.09 230.69 158.06 
0.00020959 908.84 836.78 758.91 675.68 588.07 497.66 406.72 318.13 235.16 161.11 
0.00021383 926.42 852.97 773.58 688.75 599.44 507.28 414.59 324.28 239.71 164.23 
0.00021815 944.33 869.46 788.55 702.07 611.03 517.1 422.6 330.55 244.34 167.41 
0.00022255 962.59 886.27 803.79 715.64 622.85 527.1 430.78 336.95 249.07 170.65 
0.00022705 981.21 903.41 819.34 729.48 634.9 537.29 439.11 343.46 253.89 173.95 
0.00023164 1000.2 920.88 835.18 743.59 647.17 547.68 447.6 350.11 258.8 177.31 
0.00023632 1019.5 938.68 851.32 757.96 659.68 558.27 456.25 356.88 263.8 180.74 
0.00024109 1039.2 956.82 867.78 772.61 672.43 569.06 465.07 363.78 268.9 184.24 
0.00024596 1059.3 975.31 884.55 787.55 685.43 580.06 474.07 370.81 274.1 187.8 
0.00025093 1079.8 994.16 901.64 802.77 698.68 591.27 483.23 377.98 279.4 191.43 
0.000256 1100.6 1013.4 919.07 818.28 712.18 602.7 492.57 385.28 284.8 195.13 
0.00026117 1121.9 1032.9 936.82 834.09 725.94 614.34 502.09 392.73 290.31 198.9 
0.00026645 1143.6 1052.9 954.92 850.2 739.97 626.21 511.79 400.32 295.92 202.75 
0.00027183 1165.7 1073.2 973.36 866.62 754.26 638.31 521.67 408.05 301.63 206.67 
0.00027732 1188.2 1094.0 992.16 883.36 768.83 650.64 531.75 415.93 307.46 210.66 
0.00028292 1211.1 1115.1 1011.3 900.42 783.67 663.2 542.02 423.97 313.4 214.73 
0.00028864 1234.5 1136.6 1030.8 917.8 798.81 676.01 552.49 432.15 319.45 218.88 
0.00029447 1258.3 1158.6 1050.7 935.52 814.23 689.06 563.15 440.5 325.62 223.1 
0.00030042 1282.6 1180.9 1071.0 953.58 829.94 702.36 574.03 449.0 331.91 227.41 
0.00030649 1307.3 1203.7 1091.7 971.98 845.96 715.92 585.11 457.67 338.32 231.8 
0.00031268 1332.6 1226.9 1112.8 990.73 862.28 729.73 596.4 466.5 344.85 236.28 
0.00031899 1358.3 1250.6 1134.2 1009.8 878.92 743.81 607.91 475.51 351.5 240.84 
0.00032544 1384.5 1274.7 1156.1 1029.3 895.87 758.16 619.63 484.68 358.29 245.49 
0.00033201 1411.2 1299.3 1178.4 1049.2 913.15 772.78 631.58 494.03 365.2 250.23 
0.00033872 1438.4 1324.3 1201.1 1069.4 930.75 787.68 643.76 503.56 372.24 255.05 
0.00034556 1466.1 1349.9 1224.3 1090.0 948.69 802.87 656.17 513.27 379.42 259.97 
0.00035254 1494.3 1375.9 1247.8 1111.0 966.98 818.34 668.82 523.16 386.74 264.99 
0.00035966 1523.1 1402.4 1271.9 1132.4 985.61 834.11 681.71 533.25 394.19 270.1 
0.00036693 1552.5 1429.4 1296.4 1154.2 1004.6 850.18 694.85 543.52 401.79 275.3 
0.00037434 1582.3 1456.9 1321.3 1176.5 1023.9 866.55 708.23 553.99 409.53 280.61 
0.0003819 1612.8 1485.0 1346.8 1199.1 1043.7 883.24 721.87 564.66 417.42 286.02 
0.00038962 1643.8 1513.5 1372.7 1222.2 1063.7 900.24 735.77 575.54 425.46 291.53 
0.00039749 1675.5 1542.7 1399.1 1245.7 1084.2 917.57 749.93 586.62 433.65 297.14 
0.00040552 1707.7 1572.3 1426.0 1269.7 1105.1 935.22 764.36 597.91 442.0 302.86 
0.00041371 1740.5 1602.6 1453.5 1294.1 1126.3 953.21 779.07 609.41 450.51 308.69 
0.00042207 1774.0 1633.4 1481.4 1319.0 1148.0 971.54 794.05 621.13 459.18 314.63 
0.0004306 1808.1 1664.8 1509.9 1344.3 1170.1 990.22 809.32 633.08 468.01 320.69 
0.00043929 1842.8 1696.7 1538.9 1370.1 1192.5 1009.2 824.87 645.25 477.01 326.85 
0.00044817 1878.2 1729.3 1568.4 1396.5 1215.4 1028.6 840.72 657.65 486.17 333.14 
0.00045722 1914.3 1762.5 1598.5 1423.3 1238.8 1048.4 856.87 670.28 495.52 339.54 
0.00046646 1951.0 1796.3 1629.2 1450.6 1262.6 1068.5 873.32 683.15 505.03 346.07 
0.00047588 1988.4 1830.8 1660.5 1478.4 1286.8 1089.0 890.08 696.27 514.73 352.71 
0.0004855 2026.5 1865.9 1692.3 1506.8 1311.5 1109.9 907.16 709.63 524.61 359.49 
0.0004953 2065.4 1901.7 1724.8 1535.7 1336.6 1131.2 924.56 723.24 534.68 366.39 
0.00050531 2105.0 1938.1 1757.8 1565.1 1362.2 1152.9 942.28 737.11 544.93 373.42 
0.00051552 2145.3 1975.2 1791.5 1595.1 1388.3 1175.0 960.34 751.24 555.38 380.58 
0.00052593 2186.3 2013.1 1825.8 1625.6 1414.9 1197.5 978.73 765.63 566.03 387.88 
0.00053656 2228.2 2051.6 1860.7 1656.7 1442.0 1220.4 997.47 780.29 576.87 395.31 
0.00054739 2270.8 2090.8 1896.3 1688.4 1469.6 1243.7 1016.6 795.23 587.91 402.88 
0.00055845 2314.2 2130.8 1932.6 1720.7 1497.7 1267.5 1036.0 810.44 599.17 410.6 
0.00056973 2358.4 2171.5 1969.5 1753.6 1526.3 1291.8 1055.8 825.94 610.63 418.45 
0.00058124 2403.5 2213.0 2007.1 1787.1 1555.5 1316.4 1076.0 841.73 622.3 426.46 
0.00059299 2449.3 2255.2 2045.4 1821.2 1585.2 1341.6 1096.5 857.81 634.2 434.61 
0.00060496 2496.1 2298.3 2084.5 1856.0 1615.4 1367.2 1117.5 874.19 646.31 442.92 
0.00061719 2543.7 2342.1 2124.2 1891.4 1646.2 1393.3 1138.8 890.87 658.65 451.38 
0.00062965 2592.1 2386.7 2164.7 1927.4 1677.6 1419.8 1160.5 907.86 671.21 459.99 
0.00064237 2641.5 2432.2 2205.9 1964.1 1709.6 1446.9 1182.6 925.17 684.01 468.77 
0.00065535 2691.8 2478.5 2247.9 2001.5 1742.1 1474.4 1205.2 942.79 697.05 477.7 
0.00066859 2743.0 2525.6 2290.7 2039.6 1775.3 1502.5 1228.1 960.74 710.32 486.81 
0.0006821 2795.1 2573.6 2334.2 2078.4 1809.0 1531.1 1251.4 979.02 723.84 496.08 
0.00069588 2848.2 2622.5 2378.6 2117.9 1843.4 1560.2 1275.2 997.64 737.61 505.52 
0.00070993 2902.3 2672.3 2423.7 2158.1 1878.4 1589.8 1299.5 1016.6 751.63 515.13 
0.00072427 2957.4 2723.0 2469.7 2199.0 1914.1 1620.0 1324.1 1035.9 765.91 524.92 
0.00073891 3013.4 2774.6 2516.6 2240.7 1950.4 1650.7 1349.2 1055.6 780.45 534.89 
0.00075383 3070.5 2827.2 2564.2 2283.2 1987.3 1682.0 1374.8 1075.6 795.25 545.04 
0.00076906 3128.6 2880.7 2612.8 2326.4 2024.9 1713.8 1400.9 1095.9 810.32 555.38 
0.0007846 3187.8 2935.2 2662.2 2370.4 2063.3 1746.3 1427.4 1116.7 825.67 565.9 
0.00080045 3248.1 2990.7 2712.5 2415.2 2102.3 1779.3 1454.4 1137.8 841.29 576.61 
0.00081662 3309.4 3047.2 2763.7 2460.8 2142.0 1812.9 1481.8 1159.3 857.2 587.52 
0.00083311 3371.8 3104.7 2815.9 2507.3 2182.4 1847.1 1509.8 1181.2 873.39 598.62 
0.00084994 3435.4 3163.2 2869.0 2554.6 2223.5 1881.9 1538.3 1203.5 889.87 609.93 
0.00086711 3500.1 3222.8 2923.0 2602.7 2265.4 1917.4 1567.3 1226.2 906.65 621.44 
0.00088463 3566.0 3283.4 2978.0 2651.7 2308.1 1953.5 1596.8 1249.3 923.73 633.15 
0.0009025 3633.0 3345.2 3034.0 2701.5 2351.5 1990.2 1626.8 1272.8 941.12 645.07 
0.00092073 3701.3 3408.0 3091.0 2752.3 2395.7 2027.6 1657.4 1296.7 958.81 657.21 
0.00093933 3770.7 3471.9 3149.0 2803.9 2440.6 2065.7 1688.5 1321.0 976.82 669.56 
0.00095831 3841.4 3537.0 3208.1 2856.5 2486.4 2104.4 1720.2 1345.8 995.15 682.13 
0.00097767 3913.3 3603.3 3268.1 2910.0 2532.9 2143.8 1752.4 1371.0 1013.8 694.92 
0.00099742 3986.5 3670.7 3329.3 2964.4 2580.3 2183.9 1785.2 1396.7 1032.8 707.94 
0.0010176 4061.0 3739.2 3391.5 3019.8 2628.5 2224.8 1818.6 1422.8 1052.1 721.18 
0.0010381 4136.8 3809.0 3454.8 3076.2 2677.6 2266.3 1852.5 1449.4 1071.7 734.66 
0.0010591 4213.9 3880.1 3519.2 3133.5 2727.5 2308.6 1887.1 1476.4 1091.7 748.37 
0.0010805 4292.4 3952.3 3584.7 3191.9 2778.3 2351.5 1922.2 1503.9 1112.1 762.33 
0.0011023 4372.2 4025.8 3651.4 3251.3 2830.0 2395.3 1958.0 1531.9 1132.8 776.52 
0.0011246 4453.4 4100.6 3719.2 3311.7 2882.6 2439.8 1994.4 1560.4 1153.8 790.96 
0.0011473 4536.1 4176.7 3788.2 3373.1 2936.1 2485.1 2031.4 1589.3 1175.3 805.65 
0.0011705 4620.1 4254.0 3858.4 3435.6 2990.5 2531.1 2069.0 1618.8 1197.0 820.59 
0.0011941 4705.6 4332.7 3929.8 3499.1 3045.8 2577.9 2107.3 1648.7 1219.2 835.79 
0.0012182 4792.5 4412.8 4002.4 3563.8 3102.1 2625.6 2146.2 1679.2 1241.7 851.25 
0.0012429 4880.9 4494.2 4076.2 3629.5 3159.3 2674.0 2185.8 1710.2 1264.7 866.97 
0.001268 4970.8 4577.0 4151.3 3696.4 3217.5 2723.3 2226.1 1741.7 1288.0 882.95 
0.0012936 5062.3 4661.2 4227.7 3764.4 3276.7 2773.4 2267.1 1773.8 1311.7 899.21 
0.0013197 5155.2 4746.8 4305.3 3833.5 3336.9 2824.3 2308.7 1806.4 1335.8 915.74 
0.0013464 5249.8 4833.8 4384.3 3903.8 3398.1 2876.1 2351.1 1839.5 1360.3 932.54 
0.0013736 5345.9 4922.3 4464.5 3975.3 3460.3 2928.8 2394.1 1873.2 1385.2 949.63 
0.0014013 5443.5 5012.3 4546.1 4048.0 3523.5 2982.3 2437.9 1907.4 1410.5 966.99 
0.0014296 5542.9 5103.7 4629.1 4121.8 3587.8 3036.7 2482.4 1942.2 1436.3 984.65 
0.0014585 5643.8 5196.7 4713.4 4196.9 3653.2 3092.0 2527.6 1977.6 1462.4 1002.6 
0.001488 5746.4 5291.1 4799.1 4273.2 3719.6 3148.3 2573.5 2013.6 1489.0 1020.8 
0.001518 5850.7 5387.1 4886.2 4350.7 3787.1 3205.4 2620.2 2050.1 1516.1 1039.4 
0.0015487 5956.6 5484.7 4974.6 4429.5 3855.7 3263.4 2667.7 2087.3 1543.5 1058.2 
0.00158 6064.3 5583.8 5064.6 4509.6 3925.4 3322.4 2715.9 2125.0 1571.5 1077.3 
0.0016119 6173.7 5684.6 5155.9 4591.0 3996.2 3382.4 2764.9 2163.3 1599.8 1096.8 
0.0016445 6284.8 5786.9 5248.7 4673.6 4068.1 3443.3 2814.7 2202.3 1628.6 1116.5 
0.0016777 6397.7 5890.9 5343.0 4757.6 4141.2 3505.1 2865.3 2241.9 1657.9 1136.6 
0.0017116 6512.4 5996.4 5438.8 4842.8 4215.4 3568.0 2916.6 2282.1 1687.6 1157.0 
0.0017462 6628.9 6103.7 5536.1 4929.5 4290.8 3631.8 2968.8 2322.9 1717.8 1177.7 
0.0017814 6747.2 6212.6 5634.9 5017.4 4367.4 3696.6 3021.8 2364.3 1748.5 1198.7 
0.0018174 6867.3 6323.2 5735.2 5106.7 4445.2 3762.4 3075.6 2406.4 1779.6 1220.1 
0.0018541 6989.2 6435.5 5837.0 5197.4 4524.1 3829.2 3130.2 2449.2 1811.2 1241.8 
0.0018916 7113.1 6549.5 5940.5 5289.5 4604.3 3897.1 3185.7 2492.6 1843.3 1263.8 
0.0019298 7238.8 6665.2 6045.4 5383.0 4685.6 3966.0 3242.0 2536.6 1875.9 1286.1 
0.0019688 7366.3 6782.7 6152.0 5477.9 4768.2 4035.9 3299.1 2581.3 1909.0 1308.8 
0.0020086 7495.8 6902.0 6260.1 5574.2 4852.0 4106.8 3357.1 2626.7 1942.5 1331.8 
0.0020491 7627.2 7022.9 6369.9 5671.9 4937.1 4178.8 3416.0 2672.8 1976.6 1355.2 
0.0020905 7760.6 7145.7 6481.2 5771.0 5023.4 4251.9 3475.7 2719.5 2011.2 1378.9 
0.0021328 7895.8 7270.3 6594.2 5871.6 5111.0 4326.0 3536.3 2766.9 2046.2 1402.9 
0.0021758 8033.1 7396.6 6708.8 5973.7 5199.8 4401.2 3597.8 2815.0 2081.8 1427.3 
0.0022198 8172.2 7524.8 6825.0 6077.2 5289.9 4477.4 3660.1 2863.8 2117.9 1452.0 
0.0022646 8313.4 7654.8 6942.9 6182.2 5381.3 4554.8 3723.3 2913.3 2154.5 1477.1 
0.0023104 8456.5 7786.6 7062.5 6288.6 5473.9 4633.2 3787.5 2963.4 2191.6 1502.6 
0.0023571 8601.7 7920.2 7183.7 6396.5 5567.9 4712.7 3852.5 3014.3 2229.2 1528.4 
0.0024047 8748.8 8055.7 7306.6 6506.0 5663.1 4793.3 3918.4 3065.9 2267.3 1554.5 
0.0024533 8897.9 8193.0 7431.1 6616.9 5759.7 4875.0 3985.2 3118.1 2306.0 1581.0 
0.0025028 9049.1 8332.2 7557.3 6729.3 5857.5 4957.9 4052.9 3171.1 2345.2 1607.9 
0.0025534 9202.2 8473.2 7685.3 6843.2 5956.6 5041.8 4121.5 3224.8 2384.9 1635.1 
0.002605 9357.4 8616.1 7814.9 6958.5 6057.1 5126.8 4191.0 3279.2 2425.1 1662.7 
0.0026576 9514.6 8760.8 7946.1 7075.4 6158.8 5212.9 4261.4 3334.3 2465.8 1690.6 
0.0027113 9673.8 8907.4 8079.1 7193.8 6261.9 5300.2 4332.7 3390.1 2507.1 1718.9 
0.002766 9835.0 9055.9 8213.8 7313.7 6366.3 5388.5 4404.9 3446.6 2548.9 1747.6 
0.0028219 9998.3 9206.2 8350.1 7435.1 6471.9 5477.9 4478.0 3503.8 2591.2 1776.6 
0.0028789 10164.0 9358.3 8488.1 7558.0 6578.9 5568.5 4552.0 3561.7 2634.0 1806.0 
0.0029371 10331.0 9512.4 8627.8 7682.4 6687.2 5660.1 4627.0 3620.3 2677.4 1835.7 
0.0029964 10500.0 9668.2 8769.2 7808.3 6796.8 5752.9 4702.8 3679.7 2721.3 1865.8 
0.0030569 10671.0 9825.9 8912.2 7935.7 6907.7 5846.7 4779.5 3739.7 2765.7 1896.2 
0.0031187 10845.0 9985.5 9056.9 8064.5 7019.8 5941.7 4857.1 3800.4 2810.6 1927.0 
0.0031817 11020.0 10147.0 9203.3 8194.9 7133.3 6037.7 4935.6 3861.8 2856.0 1958.2 
0.003246 11197.0 10310.0 9351.3 8326.6 7248.0 6134.8 5015.0 3923.9 2901.9 1989.7 
0.0033115 11376.0 10475.0 9500.9 8459.9 7363.9 6233.0 5095.2 3986.7 2948.4 2021.5 
0.0033784 11557.0 10642.0 9652.2 8594.6 7481.2 6332.2 5176.3 4050.2 2995.3 2053.7 
0.0034467 11740.0 10810.0 9805.0 8730.7 7599.7 6432.5 5258.3 4114.3 3042.8 2086.2 
0.0035163 11925.0 10981.0 9959.5 8868.2 7719.4 6533.8 5341.1 4179.2 3090.7 2119.1 
0.0035874 12112.0 11153.0 10115.0 9007.1 7840.3 6636.1 5424.8 4244.6 3139.1 2152.3 
0.0036598 12301.0 11326.0 10273.0 9147.4 7962.4 6739.5 5509.3 4310.7 3188.0 2185.8 
0.0037338 12491.0 11502.0 10432.0 9289.1 8085.7 6843.9 5594.6 4377.5 3237.4 2219.7 
0.0038092 12684.0 11679.0 10593.0 9432.1 8210.2 6949.2 5680.8 4444.9 3287.2 2253.8 
0.0038861 12878.0 11857.0 10755.0 9576.4 8335.8 7055.6 5767.7 4512.9 3337.5 2288.3 
0.0039646 13073.0 12038.0 10918.0 9722.0 8462.6 7162.9 5855.4 4581.5 3388.3 2323.1 
0.0040447 13271.0 12220.0 11083.0 9868.9 8590.4 7271.1 5943.9 4650.8 3439.5 2358.2 
0.0041264 13470.0 12403.0 11250.0 10017.0 8719.4 7380.2 6033.1 4720.6 3491.1 2393.6 
0.0042098 13671.0 12588.0 11417.0 10166.0 8849.4 7490.2 6123.0 4790.9 3543.2 2429.3 
0.0042948 13873.0 12774.0 11586.0 10317.0 8980.4 7601.1 6213.7 4861.9 3595.6 2465.3 
0.0043816 14077.0 12962.0 11757.0 10468.0 9112.4 7712.9 6305.0 4933.3 3648.5 2501.5 
0.0044701 14283.0 13151.0 11928.0 10621.0 9245.3 7825.4 6397.0 5005.3 3701.7 2538.0 
0.0045604 14490.0 13342.0 12101.0 10775.0 9379.2 7938.7 6489.7 5077.8 3755.3 2574.8 
0.0046525 14698.0 13533.0 12275.0 10930.0 9514.0 8052.8 6582.9 5150.8 3809.3 2611.8 
0.0047465 14907.0 13726.0 12450.0 11086.0 9649.7 8167.7 6676.8 5224.2 3863.6 2649.1 
0.0048424 15118.0 13920.0 12626.0 11243.0 9786.1 8283.2 6771.2 5298.1 3918.3 2686.5 
0.0049402 15330.0 14116.0 12803.0 11400.0 9923.4 8399.3 6866.2 5372.4 3973.2 2724.2 
0.00504 15543.0 14312.0 12981.0 11559.0 10061.0 8516.1 6961.6 5447.1 4028.5 2762.1 
0.0051419 15758.0 14509.0 13160.0 11718.0 10200.0 8633.5 7057.6 5522.2 4084.0 2800.1 
0.0052457 15973.0 14707.0 13340.0 11878.0 10339.0 8751.4 7154.0 5597.6 4139.7 2838.4 
0.0053517 16189.0 14906.0 13520.0 12039.0 10479.0 8869.8 7250.8 5673.3 4195.8 2876.8 
0.0054598 16406.0 15106.0 13701.0 12200.0 10620.0 8988.6 7347.9 5749.4 4252.0 2915.3 
0.0055701 16623.0 15306.0 13883.0 12362.0 10761.0 9107.9 7445.4 5825.7 4308.4 2954.0 
0.0056826 16842.0 15507.0 14065.0 12524.0 10902.0 9227.5 7543.2 5902.2 4365.0 2992.8 
0.0057974 17061.0 15709.0 14248.0 12687.0 11044.0 9347.4 7641.2 5978.9 4421.7 3031.7 
0.0059145 17280.0 15911.0 14431.0 12850.0 11185.0 9467.6 7739.5 6055.7 4478.6 3070.7 
0.006034 17500.0 16113.0 14615.0 13014.0 11328.0 9588.0 7837.9 6132.7 4535.5 3109.7 
0.0061559 17720.0 16316.0 14799.0 13177.0 11470.0 9708.5 7936.4 6209.8 4592.5 3148.8 
0.0062803 17940.0 16518.0 14982.0 13341.0 11613.0 9829.1 8035.0 6287.0 4649.6 3188.0 
0.0064072 18160.0 16721.0 15166.0 13504.0 11755.0 9949.7 8133.6 6364.1 4706.6 3227.1 
0.0065366 18380.0 16924.0 15350.0 13668.0 11897.0 10070.0 8232.1 6441.2 4763.7 3266.2 
0.0066686 18600.0 17126.0 15534.0 13832.0 12040.0 10191.0 8330.6 6518.3 4820.6 3305.2 
0.0068033 18819.0 17328.0 15717.0 13995.0 12182.0 10311.0 8428.9 6595.2 4877.5 3344.3 
0.0069408 19038.0 17530.0 15900.0 14158.0 12324.0 10431.0 8527.0 6671.9 4934.3 3383.2 
0.007081 19257.0 17731.0 16082.0 14320.0 12465.0 10551.0 8624.8 6748.5 4990.9 3422.0 
0.007224 19474.0 17931.0 16264.0 14482.0 12606.0 10670.0 8722.3 6824.8 5047.3 3460.7 
0.00737 19691.0 18131.0 16445.0 14643.0 12746.0 10789.0 8819.4 6900.7 5103.5 3499.2 
0.0075189 19907.0 18330.0 16625.0 14804.0 12886.0 10907.0 8916.0 6976.3 5159.4 3537.5 
0.0076708 20121.0 18527.0 16804.0 14963.0 13025.0 11024.0 9012.1 7051.5 5215.0 3575.7 
0.0078257 20334.0 18723.0 16982.0 15122.0 13163.0 11141.0 9107.6 7126.2 5270.3 3613.5 
0.0079838 20546.0 18918.0 17159.0 15279.0 13300.0 11257.0 9202.3 7200.4 5325.1 3651.1 
0.0081451 20756.0 19112.0 17334.0 15435.0 13436.0 11372.0 9296.4 7273.9 5379.5 3688.4 
0.0083096 20964.0 19303.0 17508.0 15590.0 13570.0 11486.0 9389.5 7346.8 5433.4 3725.4 
0.0084775 21170.0 19493.0 17680.0 15743.0 13704.0 11599.0 9481.8 7419.0 5486.8 3762.0 
0.0086488 21374.0 19680.0 17850.0 15894.0 13835.0 11711.0 9573.0 7490.4 5539.6 3798.2 
0.0088235 21575.0 19866.0 18018.0 16044.0 13966.0 11821.0 9663.2 7561.0 5591.8 3834.0 
0.0090017 21774.0 20049.0 18184.0 16192.0 14094.0 11930.0 9752.1 7630.6 5643.2 3869.3 
0.0091836 21969.0 20229.0 18348.0 16337.0 14221.0 12037.0 9839.8 7699.2 5694.0 3904.1 
0.0093691 22162.0 20406.0 18509.0 16481.0 14346.0 12143.0 9926.1 7766.7 5743.9 3938.3 
0.0095583 22351.0 20581.0 18667.0 16622.0 14468.0 12246.0 10011.0 7833.1 5793.0 3972.0 
0.0097514 22537.0 20752.0 18822.0 16760.0 14589.0 12348.0 10094.0 7898.3 5841.2 4005.0 
0.0099484 22720.0 20920.0 18974.0 16895.0 14707.0 12448.0 10176.0 7962.1 5888.5 4037.4 
0.010149 22898.0 21084.0 19123.0 17028.0 14822.0 12546.0 10256.0 8024.6 5934.7 4069.1 
0.010354 23072.0 21244.0 19269.0 17157.0 14935.0 12641.0 10334.0 8085.7 5979.8 4100.1 
0.010564 23242.0 21401.0 19411.0 17284.0 15045.0 12734.0 10410.0 8145.1 6023.8 4130.2 
0.010777 23407.0 21552.0 19548.0 17406.0 15152.0 12825.0 10484.0 8203.0 6066.6 4159.6 
0.010995 23567.0 21700.0 19682.0 17526.0 15255.0 12912.0 10555.0 8259.1 6108.1 4188.0 
0.011217 23722.0 21843.0 19812.0 17641.0 15356.0 12997.0 10625.0 8313.4 6148.3 4215.6 
0.011443 23872.0 21980.0 19936.0 17752.0 15452.0 13079.0 10692.0 8365.8 6187.0 4242.1 
0.011675 24015.0 22113.0 20057.0 17859.0 15546.0 13158.0 10756.0 8416.3 6224.3 4267.7 
0.01191 24153.0 22240.0 20172.0 17962.0 15635.0 13234.0 10818.0 8464.6 6260.1 4292.2 
0.012151 24285.0 22361.0 20282.0 18060.0 15720.0 13306.0 10877.0 8510.8 6294.2 4315.6 
0.012397 24410.0 22477.0 20386.0 18153.0 15801.0 13374.0 10933.0 8554.7 6326.7 4337.9 
0.012647 24529.0 22586.0 20485.0 18241.0 15878.0 13439.0 10986.0 8596.2 6357.4 4359.0 
0.012902 24640.0 22688.0 20579.0 18324.0 15950.0 13500.0 11036.0 8635.3 6386.3 4378.8 
0.013163 24745.0 22784.0 20666.0 18401.0 16018.0 13558.0 11083.0 8671.8 6413.3 4397.3 
0.013429 24841.0 22873.0 20746.0 18473.0 16080.0 13610.0 11126.0 8705.7 6438.4 4414.5 
0.0137 24930.0 22955.0 20820.0 18539.0 16138.0 13659.0 11166.0 8736.8 6461.4 4430.2 
0.013977 25011.0 23029.0 20888.0 18599.0 16190.0 13703.0 11202.0 8765.0 6482.3 4444.6 
0.014259 25083.0 23096.0 20948.0 18653.0 16236.0 13743.0 11234.0 8790.4 6501.0 4457.4 
0.014547 25146.0 23154.0 21001.0 18700.0 16278.0 13778.0 11263.0 8812.6 6517.5 4468.7 
0.014841 25201.0 23205.0 21047.0 18741.0 16313.0 13808.0 11287.0 8831.8 6531.6 4478.4 
0.015141 25246.0 23246.0 21085.0 18774.0 16342.0 13832.0 11308.0 8847.7 6543.4 4486.5 
0.015447 25282.0 23279.0 21115.0 18801.0 16366.0 13852.0 11324.0 8860.3 6552.7 4492.9 
0.015759 25309.0 23304.0 21137.0 18821.0 16383.0 13867.0 11335.0 8869.4 6559.5 4497.5 
0.016077 25325.0 23318.0 21150.0 18833.0 16393.0 13875.0 11343.0 8875.1 6563.7 4500.4 
0.016402 25331.0 23324.0 21155.0 18837.0 16397.0 13879.0 11345.0 8877.2 6565.2 4501.5 
0.016734 25326.0 23320.0 21151.0 18834.0 16394.0 13876.0 11343.0 8875.6 6564.1 4500.7 
0.017072 25311.0 23306.0 21139.0 18822.0 16384.0 13868.0 11337.0 8870.3 6560.1 4498.0 
0.017416 25285.0 23282.0 21117.0 18803.0 16367.0 13854.0 11325.0 8861.2 6553.4 4493.3 
0.017768 25248.0 23248.0 21086.0 18776.0 16343.0 13833.0 11308.0 8848.2 6543.8 4486.7 
0.018127 25199.0 23203.0 21045.0 18740.0 16312.0 13807.0 11287.0 8831.2 6531.2 4478.1 
0.018493 25140.0 23148.0 20996.0 18695.0 16273.0 13774.0 11260.0 8810.2 6515.7 4467.5 
0.018867 25068.0 23082.0 20936.0 18642.0 16227.0 13735.0 11228.0 8785.2 6497.2 4454.8 
0.019248 24985.0 23006.0 20866.0 18580.0 16173.0 13689.0 11191.0 8756.1 6475.7 4440.0 
0.019637 24890.0 22918.0 20787.0 18510.0 16112.0 13637.0 11148.0 8722.8 6451.1 4423.2 
0.020034 24783.0 22820.0 20698.0 18430.0 16043.0 13579.0 11100.0 8685.4 6423.4 4404.2 
0.020438 24665.0 22711.0 20599.0 18342.0 15966.0 13514.0 11047.0 8643.8 6392.6 4383.1 
0.020851 24534.0 22590.0 20490.0 18245.0 15881.0 13442.0 10989.0 8598.1 6358.8 4359.9 
0.021272 24392.0 22459.0 20371.0 18139.0 15789.0 13364.0 10925.0 8548.1 6321.8 4334.6 
0.021702 24237.0 22317.0 20242.0 18024.0 15689.0 13279.0 10856.0 8493.9 6281.8 4307.1 
0.022141 24071.0 22164.0 20103.0 17900.0 15581.0 13188.0 10781.0 8435.7 6238.7 4277.6 
0.022588 23893.0 22000.0 19954.0 17768.0 15466.0 13091.0 10701.0 8373.3 6192.5 4245.9 
0.023044 23703.0 21825.0 19796.0 17627.0 15343.0 12987.0 10616.0 8306.8 6143.4 4212.2 
0.02351 23502.0 21640.0 19628.0 17477.0 15213.0 12877.0 10526.0 8236.4 6091.3 4176.5 
0.023985 23290.0 21445.0 19451.0 17319.0 15076.0 12760.0 10431.0 8162.0 6036.3 4138.8 
0.024469 23067.0 21239.0 19264.0 17154.0 14931.0 12638.0 10331.0 8083.8 5978.5 4099.2 
0.024964 22833.0 21024.0 19069.0 16980.0 14780.0 12510.0 10227.0 8002.0 5917.9 4057.6 
0.025468 22589.0 20800.0 18866.0 16798.0 14622.0 12377.0 10118.0 7916.5 5854.7 4014.3 
0.025982 22336.0 20566.0 18654.0 16610.0 14458.0 12238.0 10004.0 7827.6 5788.9 3969.2 
0.026507 22072.0 20324.0 18434.0 16414.0 14288.0 12093.0 9886.0 7735.3 5720.7 3922.4 
0.027043 21800.0 20073.0 18207.0 16212.0 14112.0 11944.0 9764.2 7640.0 5650.2 3874.1 
0.027589 21520.0 19815.0 17972.0 16003.0 13930.0 11791.0 9638.6 7541.7 5577.6 3824.3 
0.028146 21232.0 19550.0 17732.0 15789.0 13744.0 11633.0 9509.5 7440.7 5502.9 3773.0 
0.028715 20936.0 19278.0 17485.0 15569.0 13552.0 11471.0 9377.2 7337.2 5426.3 3720.5 
0.029295 20634.0 19000.0 17233.0 15345.0 13357.0 11305.0 9241.9 7231.3 5348.0 3666.9 
0.029887 20327.0 18716.0 16976.0 15116.0 13158.0 11137.0 9104.0 7123.5 5268.2 3612.2 
0.03049 20014.0 18428.0 16715.0 14883.0 12955.0 10965.0 8964.0 7013.9 5187.2 3556.6 
0.031106 19697.0 18136.0 16450.0 14647.0 12750.0 10792.0 8821.9 6902.8 5105.0 3500.3 
0.031735 19376.0 17841.0 16182.0 14409.0 12542.0 10616.0 8678.4 6790.4 5021.9 3443.3 
0.032376 19053.0 17543.0 15912.0 14169.0 12333.0 10439.0 8533.6 6677.1 4938.1 3385.8 
0.03303 18728.0 17244.0 15641.0 13927.0 12123.0 10261.0 8388.0 6563.2 4853.9 3328.1 
0.033697 18402.0 16944.0 15368.0 13684.0 11912.0 10082.0 8241.9 6448.9 4769.4 3270.1 
0.034378 18076.0 16644.0 15096.0 13442.0 11701.0 9903.5 8095.9 6334.6 4684.8 3212.2 
0.035072 17750.0 16344.0 14824.0 13200.0 11490.0 9725.2 7950.1 6220.6 4600.5 3154.3 
0.035781 17426.0 16046.0 14554.0 12959.0 11280.0 9547.8 7805.1 6107.1 4516.6 3096.8 
0.036504 17105.0 15750.0 14285.0 12720.0 11072.0 9371.9 7661.2 5994.6 4433.3 3039.7 
0.037241 16788.0 15458.0 14020.0 12484.0 10867.0 9198.0 7519.1 5883.3 4351.1 2983.3 
0.037993 16475.0 15170.0 13759.0 12252.0 10664.0 9026.6 7379.0 5773.7 4270.0 2927.7 
0.038761 16168.0 14887.0 13502.0 12023.0 10465.0 8858.2 7241.3 5666.0 4190.3 2873.1 
0.039544 15866.0 14609.0 13251.0 11799.0 10270.0 8693.0 7106.2 5560.3 4112.2 2819.5 
0.040343 15571.0 14337.0 13004.0 11579.0 10079.0 8531.2 6974.0 5456.8 4035.6 2767.0 
0.041158 15282.0 14071.0 12763.0 11365.0 9892.4 8373.1 6844.7 5355.7 3960.9 2715.8 
0.041989 15001.0 13812.0 12528.0 11155.0 9710.1 8218.8 6718.6 5257.0 3887.9 2665.7 
0.042838 14726.0 13560.0 12299.0 10951.0 9532.6 8068.6 6595.8 5160.9 3816.8 2617.0 
0.043703 14461.0 13315.0 12077.0 10754.0 9360.6 7923.0 6476.8 5067.8 3747.9 2569.8 
0.044586 14204.0 13079.0 11863.0 10563.0 9194.6 7782.5 6361.9 4977.9 3681.5 2524.2 
0.045486 13958.0 12852.0 11657.0 10380.0 9035.2 7647.6 6251.7 4891.6 3617.7 2480.5 
0.046405 13723.0 12636.0 11461.0 10205.0 8883.1 7518.8 6146.4 4809.3 3556.8 2438.7 
0.047343 13500.0 12430.0 11274.0 10039.0 8738.4 7396.4 6046.3 4730.9 3498.8 2399.0 
0.048299 13287.0 12234.0 11096.0 9880.5 8600.6 7279.7 5950.9 4656.3 3443.6 2361.1 
0.049275 13083.0 12047.0 10926.0 9729.1 8468.8 7168.2 5859.8 4585.0 3390.9 2325.0 
0.05027 12888.0 11867.0 10763.0 9584.1 8342.5 7061.3 5772.4 4516.6 3340.3 2290.3 
0.051286 12700.0 11694.0 10607.0 9444.6 8221.2 6958.5 5688.4 4450.9 3291.7 2257.0 
0.052322 12520.0 11528.0 10456.0 9310.3 8104.2 6859.6 5607.5 4387.6 3244.9 2224.9 
0.053379 12345.0 11367.0 10310.0 9180.6 7991.3 6764.0 5529.4 4326.5 3199.7 2193.9 
0.054457 12177.0 11212.0 10169.0 9055.1 7882.1 6671.6 5453.8 4267.3 3156.0 2163.9 
0.055557 12013.0 11061.0 10033.0 8933.5 7776.2 6581.9 5380.5 4210.0 3113.6 2134.8 
0.05668 11853.0 10914.0 9899.5 8814.8 7672.9 6494.5 5309.0 4154.1 3072.2 2106.4 
0.057825 11696.0 10770.0 9768.3 8698.0 7571.3 6408.5 5238.7 4099.0 3031.5 2078.5 
0.058993 11541.0 10626.0 9638.3 8582.3 7470.5 6323.2 5169.0 4044.5 2991.2 2050.9 
0.060184 11385.0 10483.0 9508.4 8466.5 7369.7 6237.9 5099.3 3990.0 2950.8 2023.2 
0.0614 11228.0 10338.0 9377.0 8349.5 7267.9 6151.7 5028.8 3934.8 2910.0 1995.3 
0.062641 11067.0 10190.0 9242.8 8230.0 7163.9 6063.7 4956.9 3878.5 2868.4 1966.7 
0.063906 10902.0 10038.0 9104.5 8106.9 7056.7 5972.9 4882.7 3820.5 2825.5 1937.3 
0.065197 10730.0 9879.5 8960.8 7979.0 6945.3 5878.7 4805.6 3760.2 2780.9 1906.7 
0.066514 10550.0 9713.9 8810.6 7845.3 6829.0 5780.2 4725.1 3697.2 2734.3 1874.8 
0.067858 10361.0 9540.0 8652.9 7704.8 6706.7 5676.7 4640.5 3631.0 2685.3 1841.2 
0.069229 10162.0 9356.9 8486.8 7556.9 6578.0 5567.7 4551.5 3561.3 2633.8 1805.9 
0.070627 9952.5 9164.0 8311.9 7401.1 6442.4 5453.0 4457.6 3487.9 2579.5 1768.6 
0.072054 9731.9 8960.9 8127.7 7237.1 6299.6 5332.1 4358.8 3410.6 2522.3 1729.4 
0.07351 9500.3 8747.7 7934.3 7064.9 6149.7 5205.2 4255.1 3329.4 2462.3 1688.3 
0.074994 9258.5 8525.0 7732.3 6885.0 5993.1 5072.7 4146.8 3244.7 2399.6 1645.3 
0.076509 9007.1 8293.6 7522.4 6698.1 5830.4 4935.0 4034.2 3156.6 2334.5 1600.6 
0.078055 8747.7 8054.7 7305.7 6505.2 5662.5 4792.9 3918.0 3065.7 2267.2 1554.5 
0.079632 8482.0 7810.1 7083.8 6307.6 5490.5 4647.3 3799.0 2972.5 2198.4 1507.3 
0.081241 8211.9 7561.3 6858.2 6106.7 5315.7 4499.3 3678.0 2877.9 2128.4 1459.3 
0.082882 7939.5 7310.5 6630.7 5904.2 5139.4 4350.0 3556.0 2782.4 2057.8 1410.9 
0.084556 7667.2 7059.8 6403.3 5701.7 4963.1 4200.8 3434.1 2687.0 1987.2 1362.5 
0.086264 7397.2 6811.2 6177.8 5500.9 4788.3 4052.9 3313.1 2592.4 1917.2 1314.5 
0.088007 7132.0 6566.9 5956.3 5303.7 4616.6 3907.6 3194.3 2499.4 1848.5 1267.4 
0.089785 6873.8 6329.2 5740.7 5111.7 4449.5 3766.1 3078.7 2408.9 1781.6 1221.5 
0.091598 6625.2 6100.3 5533.0 4926.8 4288.6 3629.9 2967.3 2321.8 1717.1 1177.3 
0.093449 6388.5 5882.4 5335.4 4750.8 4135.3 3500.2 2861.3 2238.9 1655.8 1135.3 
0.095337 6165.8 5677.3 5149.4 4585.1 3991.2 3378.2 2761.6 2160.8 1598.0 1095.7 
0.097263 5958.8 5486.7 4976.5 4431.2 3857.2 3264.8 2668.9 2088.3 1544.4 1058.9 
0.099227 5769.0 5312.0 4818.0 4290.1 3734.4 3160.8 2583.9 2021.8 1495.2 1025.2 
0.10123 5597.4 5153.9 4674.7 4162.5 3623.3 3066.8 2507.0 1961.6 1450.7 994.7 
0.10328 5443.5 5012.3 4546.2 4048.0 3523.7 2982.5 2438.1 1907.7 1410.9 967.35 
0.10536 5306.9 4886.5 4432.1 3946.5 3435.2 2907.7 2376.9 1859.8 1375.5 943.08 
0.10749 5185.9 4775.0 4331.0 3856.4 3356.9 2841.3 2322.7 1817.4 1344.1 921.57 
0.10966 5077.8 4675.6 4240.8 3776.1 3287.0 2782.1 2274.3 1779.5 1316.1 902.37 
0.11188 4980.2 4585.7 4159.2 3703.5 3223.7 2728.6 2230.6 1745.3 1290.8 885.02 
0.11414 4889.6 4502.2 4083.6 3636.1 3165.1 2679.0 2190.0 1713.6 1267.3 868.92 
0.11644 4802.7 4422.2 4011.0 3571.5 3108.8 2631.4 2151.1 1683.1 1244.8 853.47 
0.1188 4716.2 4342.6 3938.7 3507.2 3052.8 2584.0 2112.3 1652.8 1222.3 838.1 
0.1212 4627.0 4260.4 3864.3 3440.8 2995.1 2535.1 2072.4 1621.5 1199.2 822.25 
0.12365 4532.3 4173.2 3785.2 3370.4 2933.8 2483.2 2030.0 1588.4 1174.7 805.42 
0.12614 4429.7 4078.7 3699.5 3294.1 2867.4 2427.0 1984.0 1552.4 1148.1 787.18 
0.12869 4317.4 3975.3 3605.7 3210.6 2794.7 2365.5 1933.7 1513.0 1119.0 767.23 
0.13129 4194.5 3862.2 3503.0 3119.2 2715.1 2298.1 1878.7 1470.0 1087.1 745.39 
0.13394 4061.1 3739.3 3391.6 3020.0 2628.8 2225.1 1818.9 1423.2 1052.6 721.68 
0.13665 3918.4 3608.0 3272.5 2913.9 2536.4 2146.9 1755.0 1373.2 1015.6 696.33 
0.13941 3768.6 3470.0 3147.4 2802.5 2439.5 2064.8 1687.9 1320.7 976.75 669.71 
0.14223 3614.7 3328.3 3018.8 2688.0 2339.8 1980.5 1619.0 1266.8 936.85 642.35 
0.1451 3460.1 3186.0 2889.7 2573.1 2239.8 1895.8 1549.7 1212.6 896.79 614.89 
0.14803 3308.6 3046.4 2763.2 2460.4 2141.7 1812.8 1481.9 1159.5 857.51 587.96 
0.15102 3163.7 2913.0 2642.2 2352.7 2047.9 1733.4 1417.0 1108.7 819.96 562.21 
0.15407 3028.7 2788.8 2529.5 2252.3 1960.5 1659.4 1356.5 1061.4 784.99 538.23 
0.15718 2906.4 2676.2 2427.3 2161.4 1881.4 1592.4 1301.8 1018.6 753.29 516.49 
0.16036 2798.4 2576.7 2337.1 2081.0 1811.4 1533.2 1253.4 980.71 725.29 497.3 
0.1636 2705.0 2490.7 2259.1 2011.6 1751.0 1482.1 1211.5 947.98 701.09 480.7 
0.1669 2625.1 2417.2 2192.4 1952.2 1699.3 1438.3 1175.8 919.99 680.39 466.51 
0.17028 2556.6 2354.0 2135.1 1901.2 1654.9 1400.7 1145.1 895.96 662.62 454.33 
0.17371 2496.1 2298.4 2084.7 1856.3 1615.8 1367.6 1118.0 874.78 646.95 443.59 
0.17722 2440.3 2247.0 2038.1 1814.7 1579.7 1337.1 1093.0 855.22 632.49 433.67 
0.1808 2385.6 2196.6 1992.3 1774.0 1544.2 1307.0 1068.5 836.02 618.29 423.93 
0.18446 2328.3 2143.9 1944.5 1731.5 1507.2 1275.7 1042.8 815.97 603.46 413.77 
0.18818 2265.8 2086.3 1892.3 1685.0 1466.7 1241.4 1014.8 794.06 587.26 402.65 
0.19198 2196.1 2022.1 1834.1 1633.1 1421.5 1203.2 983.6 769.62 569.18 390.26 
0.19586 2118.8 1950.9 1769.5 1575.6 1371.5 1160.9 948.98 742.53 549.15 376.53 
0.19982 2035.3 1874.1 1699.8 1513.6 1317.5 1115.2 911.61 713.29 527.52 361.7 
0.20386 1948.3 1794.0 1627.2 1448.9 1261.2 1067.5 872.64 682.8 504.97 346.24 
0.20797 1861.1 1713.6 1554.3 1384.0 1204.7 1019.7 833.55 652.21 482.35 330.72 
0.21218 1776.8 1636.0 1483.9 1321.3 1150.1 973.49 795.8 622.67 460.5 315.75 
0.21646 1698.4 1563.9 1418.5 1263.0 1099.4 930.57 760.71 595.22 440.2 301.83 
0.22083 1628.3 1499.3 1359.8 1210.8 1054.0 892.12 729.28 570.63 422.01 289.35 
0.2253 1567.2 1443.0 1308.8 1165.4 1014.5 858.66 701.93 549.22 406.18 278.5 
0.22985 1514.7 1394.7 1265.0 1126.4 980.49 829.91 678.42 530.83 392.58 269.18 
0.23449 1469.0 1352.6 1226.9 1092.4 950.92 804.88 657.96 514.82 380.74 261.06 
0.23923 1427.6 1314.5 1192.3 1061.6 924.12 782.19 639.42 500.31 370.01 253.7 
0.24406 1387.7 1277.7 1158.9 1031.9 898.26 760.3 621.52 486.31 359.66 246.6 
0.24899 1346.4 1239.8 1124.5 1001.3 871.56 737.7 603.05 471.86 348.97 239.27 
0.25402 1301.8 1198.7 1087.2 968.08 842.67 713.25 583.06 456.22 337.4 231.34 
0.25915 1253.2 1153.9 1046.6 931.95 811.23 686.64 561.31 439.19 324.81 222.71 
0.26439 1201.8 1106.6 1003.7 893.72 777.94 658.47 538.28 421.18 311.48 213.57 
0.26973 1149.7 1058.6 960.14 854.94 744.19 629.89 514.92 402.9 297.97 204.3 
0.27518 1098.9 1011.9 917.77 817.21 711.35 602.1 492.2 385.12 284.82 195.29 
0.28074 1051.5 968.18 878.15 781.93 680.64 576.11 470.95 368.5 272.52 186.86 
0.28641 1008.8 928.84 842.47 750.16 652.98 552.7 451.81 353.52 261.45 179.26 
0.29219 971.18 894.24 811.09 722.22 628.66 532.11 434.98 340.35 251.71 172.59 
0.2981 937.8 863.51 783.21 697.39 607.05 513.82 420.03 328.66 243.06 166.66 
0.30412 906.78 834.94 757.3 674.32 586.97 496.82 406.14 317.78 235.02 161.14 
0.31026 876.32 806.9 731.86 651.67 567.25 480.13 392.5 307.11 227.13 155.73 
0.31653 845.16 778.2 705.84 628.5 547.08 463.06 378.54 296.19 219.05 150.19 
0.32292 812.63 748.25 678.67 604.31 526.03 445.24 363.97 284.79 210.62 144.41 
0.32945 779.05 717.33 650.63 579.34 504.29 426.84 348.93 273.02 201.91 138.44 
0.3361 745.67 686.59 622.75 554.51 482.68 408.55 333.98 261.32 193.26 132.51 
0.34289 713.89 657.34 596.21 530.88 462.11 391.14 319.75 250.19 185.03 126.86 
0.34982 684.55 630.32 571.7 509.06 443.12 375.06 306.6 239.9 177.42 121.65 
0.35689 657.81 605.7 549.37 489.18 425.81 360.41 294.63 230.53 170.49 116.9 
0.36409 633.27 583.1 528.88 470.93 409.92 346.97 283.63 221.93 164.13 112.54 
0.37145 609.96 561.63 509.41 453.59 394.83 334.19 273.19 213.76 158.09 108.39 
0.37895 586.9 540.4 490.15 436.45 379.91 321.56 262.87 205.68 152.11 104.3 
0.38661 563.68 519.03 470.76 419.18 364.88 308.84 252.47 197.54 146.1 100.17 
0.39442 540.4 497.58 451.31 401.86 349.8 296.08 242.04 189.38 140.06 96.033 
0.40239 517.57 476.57 432.25 384.89 335.03 283.58 231.82 181.38 134.15 91.977 
0.41052 495.91 456.62 414.16 368.78 321.01 271.71 222.11 173.79 128.53 88.127 
0.41881 475.68 438.0 397.27 353.74 307.91 260.62 213.05 166.7 123.29 84.532 
0.42727 456.77 420.58 381.47 339.68 295.67 250.26 204.58 160.08 118.39 81.172 
0.4359 438.81 404.05 366.48 326.32 284.05 240.42 196.54 153.78 113.73 77.981 
0.44471 421.3 387.93 351.85 313.3 272.71 230.83 188.7 147.65 109.19 74.869 
0.45369 404.05 372.04 337.44 300.47 261.54 221.38 180.97 141.6 104.72 71.802 
0.46286 387.15 356.48 323.33 287.9 250.61 212.12 173.4 135.68 100.34 68.799 
0.47221 370.84 341.46 309.71 275.78 240.05 203.18 166.1 129.96 96.116 65.902 
0.48174 355.4 327.24 296.81 264.29 230.05 194.72 159.18 124.55 92.112 63.157 
0.49148 340.78 313.78 284.6 253.42 220.59 186.71 152.63 119.43 88.324 60.559 
0.50141 326.82 300.93 272.94 243.04 211.55 179.06 146.38 114.53 84.705 58.078 
0.51153 313.33 288.51 261.68 233.01 202.82 171.67 140.34 109.81 81.21 55.682 
0.52187 300.2 276.42 250.71 223.24 194.32 164.48 134.46 105.21 77.806 53.348 
0.53241 287.51 264.73 240.12 213.81 186.11 157.53 128.77 100.76 74.518 51.093 
0.54317 275.34 253.53 229.95 204.76 178.23 150.86 123.32 96.495 71.364 48.931 
0.55414 263.76 242.87 220.28 196.15 170.74 144.51 118.14 92.436 68.362 46.873 
0.56533 252.68 232.66 211.03 187.9 163.56 138.44 113.17 88.552 65.49 44.903 
0.57675 242.03 222.85 202.13 179.98 156.67 132.61 108.4 84.818 62.728 43.01 
0.5884 231.74 213.38 193.54 172.33 150.01 126.97 103.79 81.212 60.061 41.181 
0.60029 221.84 204.26 185.27 164.97 143.6 121.54 99.358 77.743 57.496 39.422 
0.61242 212.35 195.53 177.34 157.91 137.46 116.35 95.109 74.418 55.037 37.736 
0.62479 203.27 187.16 169.76 151.16 131.58 111.37 91.041 71.236 52.683 36.122 
0.63741 194.56 179.14 162.48 144.68 125.94 106.6 87.139 68.182 50.425 34.574 
0.65029 186.2 171.45 155.5 138.46 120.53 102.02 83.396 65.253 48.259 33.089 
0.66342 178.18 164.06 148.81 132.5 115.34 97.623 79.804 62.443 46.18 31.664 
0.67683 170.49 156.98 142.38 126.78 110.36 93.409 76.359 59.747 44.187 30.297 
0.6905 163.11 150.19 136.22 121.29 105.58 89.366 73.054 57.161 42.274 28.985 
0.70445 156.03 143.67 130.31 116.03 101.0 85.489 69.885 54.682 40.44 27.728 
0.71868 149.25 137.42 124.64 110.99 96.61 81.772 66.846 52.304 38.682 26.522 
0.7332 142.74 131.43 119.21 106.15 92.399 78.208 63.933 50.025 36.996 25.366 
0.74801 136.51 125.69 114.0 101.51 88.363 74.792 61.14 47.839 35.38 24.258 
0.76312 130.53 120.19 109.01 97.069 84.494 71.518 58.464 45.745 33.831 23.196 
0.77854 124.8 114.92 104.23 92.81 80.787 68.38 55.899 43.738 32.347 22.179 
0.79426 119.32 109.86 99.648 88.729 77.235 65.373 53.441 41.815 30.925 21.203 
0.81031 114.06 105.02 95.257 84.819 73.832 62.493 51.086 39.972 29.562 20.269 
0.82668 109.02 100.39 91.051 81.074 70.572 59.733 48.83 38.207 28.257 19.374 
0.84338 104.2 95.944 87.022 77.487 67.449 57.09 46.67 36.517 27.006 18.517 
0.86041 99.579 91.69 83.164 74.052 64.459 54.559 44.6 34.898 25.809 17.696 
0.8778 95.155 87.617 79.469 70.762 61.595 52.135 42.619 33.347 24.662 16.91 
0.89553 90.92 83.717 75.932 67.612 58.854 49.815 40.722 31.863 23.565 16.157 
0.91362 86.865 79.984 72.546 64.597 56.229 47.593 38.906 30.442 22.514 15.437 
0.93208 82.984 76.41 69.305 61.711 53.717 45.467 37.168 29.082 21.508 14.747 
0.95091 79.27 72.99 66.203 58.949 51.312 43.432 35.504 27.78 20.545 14.087 
0.97011 75.715 69.716 63.234 56.305 49.011 41.484 33.912 26.534 19.624 13.455 
0.98971 72.313 66.584 60.392 53.775 46.809 39.62 32.388 25.342 18.742 12.851 
1.0097 69.057 63.586 57.673 51.354 44.701 37.836 30.93 24.201 17.898 12.272 
1.0301 65.942 60.718 55.072 49.037 42.685 36.129 29.535 23.109 17.091 11.718 
1.0509 62.961 57.973 52.583 46.821 40.756 34.496 28.2 22.065 16.318 11.189 
1.0721 60.111 55.349 50.202 44.701 38.911 32.935 26.923 21.066 15.58 10.682 
1.0938 57.385 52.838 47.925 42.674 37.146 31.441 25.702 20.111 14.873 10.198 
1.1159 54.778 50.438 45.748 40.735 35.458 30.013 24.534 19.197 14.197 9.7344 
1.1384 52.285 48.143 43.666 38.882 33.845 28.647 23.418 18.323 13.551 9.2915 
1.1614 49.902 45.948 41.676 37.109 32.302 27.341 22.35 17.488 12.934 8.8679 
1.1849 47.623 43.85 39.773 35.415 30.827 26.093 21.33 16.69 12.343 8.463 
1.2088 45.445 41.845 37.954 33.795 29.417 24.899 20.354 15.926 11.778 8.0759 
1.2333 43.363 39.928 36.215 32.247 28.069 23.758 19.422 15.197 11.239 7.7059 
1.2582 41.373 38.095 34.553 30.767 26.781 22.668 18.531 14.499 10.723 7.3523 
1.2836 39.471 36.344 32.965 29.353 25.55 21.626 17.679 13.833 10.23 7.0144 
1.3095 37.654 34.671 31.447 28.001 24.374 20.631 16.865 13.196 9.7592 6.6914 
1.336 35.918 33.072 29.997 26.71 23.25 19.679 16.087 12.587 9.3092 6.3829 
1.363 34.259 31.545 28.611 25.476 22.176 18.77 15.344 12.006 8.8792 6.0881 
1.3905 32.674 30.085 27.288 24.298 21.15 17.902 14.634 11.451 8.4685 5.8064 
1.4186 31.16 28.692 26.024 23.172 20.17 17.073 13.956 10.92 8.0762 5.5374 
1.4472 29.714 27.36 24.816 22.097 19.235 16.28 13.309 10.414 7.7014 5.2805 
1.4765 28.334 26.089 23.663 21.07 18.341 15.524 12.69 9.9296 7.3435 5.0351 
1.5063 27.015 24.875 22.562 20.09 17.487 14.801 12.1 9.4675 7.0018 4.8008 
1.5367 25.756 23.715 21.51 19.153 16.672 14.112 11.536 9.0262 6.6755 4.577 
1.5678 24.554 22.609 20.506 18.259 15.894 13.453 10.997 8.6049 6.3639 4.3634 
1.5994 23.406 21.552 19.548 17.406 15.151 12.824 10.483 8.2027 6.0664 4.1594 
1.6318 22.31 20.543 18.633 16.591 14.442 12.224 9.9926 7.8188 5.7824 3.9647 
1.6647 21.265 19.58 17.759 15.813 13.765 11.651 9.5242 7.4523 5.5114 3.7789 
1.6984 20.266 18.661 16.926 15.071 13.119 11.104 9.0772 7.1024 5.2527 3.6015 
1.7327 19.314 17.784 16.13 14.363 12.502 10.582 8.6505 6.7686 5.0058 3.4322 
1.7677 18.405 16.947 15.371 13.687 11.914 10.084 8.2433 6.45 4.7702 3.2707 
1.8034 17.537 16.148 14.646 13.041 11.352 9.6086 7.8547 6.146 4.5453 3.1165 
1.8398 16.709 15.386 13.955 12.426 10.816 9.1551 7.484 5.8559 4.3308 2.9694 
1.877 15.92 14.658 13.295 11.839 10.305 8.7224 7.1303 5.5791 4.1261 2.8291 
1.9149 15.166 13.965 12.666 11.278 9.8174 8.3096 6.7929 5.3151 3.9308 2.6952 
1.9536 14.448 13.303 12.066 10.744 9.3522 7.9159 6.471 5.0632 3.7446 2.5675 
1.993 13.762 12.672 11.494 10.234 8.9085 7.5403 6.164 4.823 3.5669 2.4457 
2.0333 13.108 12.07 10.948 9.748 8.4853 7.1821 5.8711 4.5939 3.3975 2.3295 
2.0744 12.485 11.496 10.427 9.2844 8.0816 6.8405 5.5919 4.3754 3.2359 2.2187 
2.1163 11.89 10.948 9.9303 8.8422 7.6968 6.5147 5.3256 4.167 3.0817 2.113 
2.159 11.323 10.426 9.4567 8.4205 7.3297 6.204 5.0716 3.9683 2.9348 2.0122 
2.2026 10.783 9.9285 9.0052 8.0185 6.9798 5.9078 4.8295 3.7788 2.7947 1.9162 
2.2471 10.267 9.4539 8.5748 7.6352 6.6461 5.6254 4.5986 3.5982 2.6611 1.8246 
2.2925 9.7759 9.0014 8.1644 7.2698 6.3281 5.3562 4.3785 3.426 2.5337 1.7373 
2.3388 9.3075 8.5701 7.7732 6.9215 6.0248 5.0995 4.1687 3.2618 2.4123 1.654 
2.3861 8.861 8.159 7.4003 6.5894 5.7358 4.8549 3.9687 3.1054 2.2966 1.5747 
2.4343 8.4354 7.7671 7.0449 6.273 5.4603 4.6217 3.7781 2.9562 2.1863 1.499 
2.4835 8.0298 7.3936 6.7061 5.9713 5.1978 4.3995 3.5965 2.8141 2.0812 1.427 
2.5336 7.6433 7.0377 6.3833 5.6839 4.9476 4.1877 3.4233 2.6786 1.981 1.3583 
2.5848 7.2749 6.6986 6.0757 5.41 4.7092 3.9859 3.2584 2.5495 1.8855 1.2928 
2.637 6.9239 6.3754 5.7826 5.149 4.482 3.7936 3.1012 2.4265 1.7946 1.2304 
2.6903 6.5895 6.0675 5.5033 4.9003 4.2655 3.6104 2.9514 2.3093 1.7079 1.171 
2.7447 6.2709 5.7741 5.2372 4.6633 4.0592 3.4358 2.8087 2.1977 1.6253 1.1144 
2.8001 5.9673 5.4946 4.9836 4.4376 3.8627 3.2695 2.6727 2.0913 1.5466 1.0604 
2.8567 5.6782 5.2283 4.7421 4.2225 3.6755 3.1111 2.5432 1.9899 1.4717 1.0091 
2.9144 5.4027 4.9747 4.5121 4.0177 3.4972 2.9601 2.4198 1.8934 1.4003 0.96011 
2.9733 5.1403 4.7331 4.293 3.8226 3.3274 2.8164 2.3023 1.8015 1.3323 0.91348 
3.0333 4.8904 4.503 4.0843 3.6368 3.1657 2.6795 2.1904 1.7139 1.2675 0.86908 
3.0946 4.6525 4.2839 3.8855 3.4598 3.0116 2.5491 2.0838 1.6305 1.2058 0.82678 
3.1571 4.4258 4.0752 3.6962 3.2912 2.8649 2.4249 1.9823 1.551 1.1471 0.78651 
3.2209 4.21 3.8765 3.516 3.1308 2.7252 2.3067 1.8856 1.4754 1.0912 0.74816 
3.286 4.0045 3.6873 3.3444 2.9779 2.5922 2.1941 1.7936 1.4034 1.0379 0.71164 
3.3523 3.8088 3.5071 3.181 2.8324 2.4655 2.0869 1.7059 1.3348 0.98719 0.67687 
3.4201 3.6226 3.3356 3.0254 2.6939 2.3449 1.9848 1.6225 1.2695 0.9389 0.64376 
3.4892 3.4452 3.1723 2.8773 2.562 2.2301 1.8876 1.5431 1.2074 0.89294 0.61225 
3.5596 3.2764 3.0168 2.7363 2.4365 2.1208 1.7951 1.4675 1.1482 0.84918 0.58224 
3.6316 3.1157 2.8688 2.6021 2.3169 2.0168 1.7071 1.3955 1.0919 0.80752 0.55368 
3.7049 2.9627 2.728 2.4743 2.2032 1.9178 1.6232 1.327 1.0383 0.76788 0.5265 
3.7798 2.8171 2.5939 2.3527 2.0949 1.8235 1.5435 1.2617 0.98726 0.73014 0.50062 
3.8561 2.6785 2.4663 2.237 1.9919 1.7338 1.4675 1.1997 0.93869 0.69422 0.47599 
3.934 2.5466 2.3449 2.1268 1.8938 1.6485 1.3953 1.1406 0.89247 0.66004 0.45256 
4.0135 2.4211 2.2293 2.022 1.8004 1.5672 1.3265 1.0844 0.84848 0.62751 0.43025 
4.0946 2.3017 2.1193 1.9222 1.7116 1.4899 1.2611 1.0309 0.80663 0.59655 0.40903 
4.1773 2.188 2.0147 1.8273 1.6271 1.4163 1.1988 0.98 0.7668 0.5671 0.38883 
4.2617 2.0799 1.9151 1.737 1.5467 1.3463 1.1396 0.93157 0.72891 0.53908 0.36962 
4.3478 1.977 1.8204 1.6511 1.4702 1.2798 1.0832 0.8855 0.69286 0.51241 0.35134 
4.4356 1.8792 1.7303 1.5694 1.3974 1.2164 1.0296 0.84166 0.65856 0.48705 0.33395 
4.5252 1.786 1.6445 1.4916 1.3282 1.1561 0.97857 0.79996 0.62593 0.46291 0.3174 
4.6166 1.6975 1.563 1.4177 1.2623 1.0988 0.93005 0.76029 0.59489 0.43996 0.30166 
4.7099 1.6132 1.4854 1.3473 1.1997 1.0443 0.88388 0.72255 0.56536 0.41812 0.28669 
4.805 1.5331 1.4116 1.2804 1.1401 0.99239 0.83997 0.68666 0.53728 0.39735 0.27245 
4.9021 1.4569 1.3414 1.2167 1.0834 0.94304 0.79821 0.65252 0.51056 0.37759 0.2589 
5.0011 1.3844 1.2747 1.1562 1.0295 0.89612 0.75849 0.62005 0.48516 0.35881 0.24602 
5.1021 1.3154 1.2112 1.0986 0.97821 0.85149 0.72072 0.58917 0.461 0.34094 0.23376 
5.2052 1.2499 1.1508 1.0438 0.92945 0.80905 0.6848 0.5598 0.43802 0.32394 0.22211 
5.3104 1.1875 1.0934 0.99176 0.88309 0.76869 0.65064 0.53188 0.41617 0.30778 0.21103 
5.4176 1.1282 1.0388 0.94224 0.839 0.73032 0.61816 0.50533 0.39539 0.29242 0.2005 
5.5271 1.0719 0.98694 0.89517 0.79708 0.69383 0.58727 0.48008 0.37564 0.27781 0.19048 
5.6387 1.0183 0.93759 0.85041 0.75723 0.65914 0.55791 0.45607 0.35686 0.26392 0.18096 
5.7526 0.9673 0.89067 0.80785 0.71933 0.62615 0.52999 0.43325 0.339 0.25071 0.1719 
5.8689 0.91886 0.84607 0.76739 0.68331 0.59479 0.50345 0.41155 0.32202 0.23816 0.16329 
5.9874 0.87281 0.80366 0.72893 0.64906 0.56498 0.47821 0.39093 0.30588 0.22622 0.15511 
6.1084 0.82903 0.76335 0.69237 0.61651 0.53664 0.45423 0.37132 0.29054 0.21487 0.14733 
6.2318 0.78741 0.72503 0.65761 0.58556 0.50971 0.43143 0.35268 0.27596 0.20409 0.13993 
6.3577 0.74786 0.68861 0.62458 0.55614 0.4841 0.40975 0.33496 0.26209 0.19383 0.1329 
6.4861 0.71026 0.65399 0.59318 0.52818 0.45976 0.38915 0.31812 0.24892 0.18409 0.12622 
6.6171 0.67453 0.62109 0.56334 0.50161 0.43663 0.36958 0.30212 0.23639 0.17483 0.11987 
6.7508 0.64057 0.58982 0.53497 0.47636 0.41465 0.35097 0.28691 0.22449 0.16603 0.11384 
6.8872 0.60829 0.5601 0.50802 0.45236 0.39376 0.33328 0.27245 0.21318 0.15766 0.1081 
7.0263 0.57762 0.53186 0.4824 0.42955 0.3739 0.31648 0.25871 0.20243 0.14971 0.10265 
7.1682 0.54848 0.50502 0.45806 0.40787 0.35504 0.30051 0.24566 0.19222 0.14216 0.097472 
7.313 0.52078 0.47952 0.43493 0.38728 0.33711 0.28534 0.23326 0.18251 0.13498 0.092551 
7.4608 0.49447 0.45529 0.41296 0.36771 0.32008 0.27092 0.22147 0.17329 0.12816 0.087874 
7.6115 0.46946 0.43227 0.39208 0.34912 0.30389 0.25722 0.21027 0.16453 0.12168 0.083431 
7.7653 0.44571 0.4104 0.37224 0.33145 0.28852 0.24421 0.19963 0.1562 0.11552 0.07921 
7.9221 0.42314 0.38962 0.35339 0.31467 0.27391 0.23184 0.18952 0.14829 0.10967 0.075199 
8.0822 0.4017 0.36988 0.33548 0.29872 0.26003 0.22009 0.17992 0.14078 0.10412 0.071389 
8.2454 0.38133 0.35112 0.31847 0.28358 0.24684 0.20893 0.1708 0.13364 0.098838 0.067769 
8.412 0.36198 0.33331 0.30231 0.26919 0.23432 0.19833 0.16213 0.12686 0.093823 0.064331 
8.5819 0.3436 0.31638 0.28696 0.25552 0.22242 0.18826 0.1539 0.12042 0.089059 0.061065 
8.7553 0.32615 0.30031 0.27238 0.24254 0.21112 0.1787 0.14608 0.1143 0.084535 0.057962 
8.9322 0.30957 0.28504 0.25854 0.23021 0.20039 0.16961 0.13865 0.10849 0.080237 0.055016 
9.1126 0.29382 0.27054 0.24538 0.2185 0.19019 0.16098 0.1316 0.10297 0.076155 0.052217 
9.2967 0.27886 0.25677 0.23289 0.20737 0.18051 0.15279 0.1249 0.097731 0.072279 0.049559 
9.4845 0.26465 0.24369 0.22103 0.19681 0.17132 0.14501 0.11854 0.092752 0.068597 0.047034 
9.6761 0.25116 0.23127 0.20976 0.18678 0.16258 0.13762 0.1125 0.088025 0.0651 0.044637 
9.8716 0.23835 0.21947 0.19906 0.17725 0.15429 0.1306 0.10676 0.083535 0.06178 0.04236 
10.071 0.22619 0.20827 0.1889 0.16821 0.14642 0.12393 0.10131 0.079272 0.058627 0.040199 
10.274 0.21464 0.19763 0.17926 0.15962 0.13894 0.1176 0.096137 0.075223 0.055633 0.038146 
10.482 0.20367 0.18753 0.1701 0.15146 0.13184 0.11159 0.091224 0.07138 0.05279 0.036197 
10.694 0.19325 0.17794 0.1614 0.14371 0.1251 0.10589 0.08656 0.06773 0.050091 0.034346 
10.91 0.18337 0.16884 0.15314 0.13636 0.1187 0.10047 0.082131 0.064265 0.047528 0.032589 
11.13 0.17398 0.1602 0.1453 0.12938 0.11262 0.095325 0.077926 0.060975 0.045095 0.03092 
11.355 0.16507 0.15199 0.13786 0.12275 0.10685 0.090442 0.073935 0.057851 0.042785 0.029337 
11.584 0.15661 0.1442 0.13079 0.11646 0.10137 0.085806 0.070145 0.054886 0.040592 0.027833 
11.818 0.14857 0.1368 0.12408 0.11049 0.096175 0.081406 0.066547 0.052071 0.038511 0.026406 
12.057 0.14095 0.12978 0.11771 0.10482 0.09124 0.077228 0.063132 0.049399 0.036534 0.025051 
12.301 0.13371 0.12312 0.11167 0.099435 0.086555 0.073262 0.059891 0.046862 0.034658 0.023764 
12.549 0.12684 0.11679 0.10593 0.094326 0.082108 0.069498 0.056814 0.044455 0.032878 0.022543 
12.803 0.12032 0.11079 0.10049 0.089477 0.077887 0.065926 0.053893 0.042169 0.031188 0.021385 
13.061 0.11413 0.10509 0.095318 0.084874 0.07388 0.062534 0.051121 0.04 0.029583 0.020285 
13.325 0.10826 0.099681 0.090412 0.080506 0.070078 0.059316 0.04849 0.037942 0.028061 0.019241 
13.594 0.10268 0.094547 0.085756 0.07636 0.066469 0.056261 0.045993 0.035988 0.026616 0.01825 
13.869 0.09739 0.089675 0.081337 0.072426 0.063044 0.053362 0.043623 0.034134 0.025245 0.01731 
14.149 0.092369 0.085052 0.077144 0.068692 0.059794 0.050611 0.041374 0.032374 0.023943 0.016417 
14.435 0.087604 0.080664 0.073164 0.065148 0.056709 0.048 0.03924 0.030704 0.022708 0.015571 
14.727 0.083083 0.076501 0.069388 0.061785 0.053782 0.045523 0.037214 0.029119 0.021536 0.014767 
15.024 0.078792 0.07255 0.065804 0.058595 0.051005 0.043172 0.035293 0.027616 0.020424 0.014004 
15.328 0.07472 0.068801 0.062404 0.055567 0.048369 0.040941 0.033469 0.026189 0.019369 0.013281 
15.637 0.070857 0.065244 0.059178 0.052694 0.045869 0.038825 0.031739 0.024835 0.018368 0.012594 
15.953 0.067192 0.061869 0.056117 0.049968 0.043496 0.036816 0.030097 0.02355 0.017417 0.011943 
16.275 0.063714 0.058667 0.053212 0.047382 0.041245 0.034911 0.028539 0.022331 0.016516 0.011325 
16.604 0.060415 0.055629 0.050457 0.044929 0.039109 0.033103 0.027062 0.021175 0.015661 0.010739 
16.94 0.057285 0.052747 0.047842 0.042601 0.037083 0.031388 0.02566 0.020078 0.01485 0.010182 
17.282 0.054315 0.050012 0.045362 0.040392 0.03516 0.029761 0.024329 0.019037 0.01408 0.0096545 
17.631 0.051498 0.047418 0.043009 0.038297 0.033337 0.028217 0.023068 0.01805 0.01335 0.0091538 
17.987 0.048825 0.044957 0.040777 0.03631 0.031607 0.026753 0.021871 0.017113 0.012657 0.0086788 
18.351 0.04629 0.042623 0.03866 0.034425 0.029966 0.025364 0.020735 0.016225 0.012 0.0082283 
18.721 0.043885 0.040409 0.036652 0.032636 0.028409 0.024046 0.019658 0.015382 0.011377 0.0078009 
19.099 0.041604 0.038308 0.034747 0.03094 0.026932 0.022797 0.018636 0.014583 0.010785 0.0073955 
19.485 0.03944 0.036316 0.03294 0.029331 0.025532 0.021611 0.017667 0.013824 0.010224 0.007011 
19.879 0.037388 0.034427 0.031226 0.027805 0.024203 0.020487 0.016748 0.013105 0.0096926 0.0066463 
20.28 0.035442 0.032634 0.0296 0.026357 0.022943 0.01942 0.015876 0.012423 0.0091881 0.0063003 
20.69 0.033596 0.030935 0.028058 0.024985 0.021748 0.018409 0.015049 0.011776 0.0087096 0.0059723 
21.108 0.031845 0.029323 0.026596 0.023683 0.020615 0.01745 0.014265 0.011162 0.0082558 0.0056611 
21.535 0.030185 0.027794 0.02521 0.022448 0.01954 0.01654 0.013521 0.01058 0.0078254 0.005366 
21.97 0.02861 0.026344 0.023895 0.021277 0.018521 0.015677 0.012816 0.010029 0.0074173 0.0050862 
22.413 0.027117 0.024969 0.022647 0.020166 0.017554 0.014859 0.012147 0.0095052 0.0070302 0.0048208 
22.866 0.025701 0.023665 0.021465 0.019113 0.016638 0.014083 0.011513 0.0090089 0.0066632 0.0045691 
23.328 0.024358 0.022429 0.020343 0.018115 0.015769 0.013347 0.010912 0.0085383 0.0063152 0.0043305 
23.799 0.023085 0.021256 0.01928 0.017168 0.014944 0.01265 0.010341 0.0080921 0.0059851 0.0041042 
24.28 0.021877 0.020145 0.018272 0.01627 0.014163 0.011988 0.0098005 0.007669 0.0056722 0.0038896 
24.771 0.020733 0.019091 0.017316 0.015419 0.013422 0.011361 0.0092878 0.0072678 0.0053755 0.0036862 
25.271 0.019647 0.018091 0.016409 0.014612 0.012719 0.010766 0.0088016 0.0068874 0.0050941 0.0034933 
25.782 0.018618 0.017144 0.01555 0.013846 0.012053 0.010202 0.0083407 0.0065267 0.0048274 0.0033104 
26.302 0.017643 0.016245 0.014735 0.013121 0.011422 0.0096679 0.0079037 0.0061848 0.0045745 0.003137 
26.834 0.016718 0.015394 0.013962 0.012433 0.010823 0.0091611 0.0074894 0.0058606 0.0043347 0.0029726 
27.376 0.015841 0.014586 0.01323 0.011781 0.010255 0.0086806 0.0070966 0.0055532 0.0041074 0.0028167 
27.929 0.015009 0.013821 0.012536 0.011163 0.009717 0.0082251 0.0067242 0.0052618 0.0038919 0.0026689 
28.493 0.014221 0.013095 0.011878 0.010576 0.0092068 0.0077932 0.0063712 0.0049856 0.0036876 0.0025289 
29.069 0.013474 0.012407 0.011254 0.010021 0.0087232 0.0073839 0.0060366 0.0047238 0.003494 0.0023961 
29.656 0.012766 0.011755 0.010662 0.0094942 0.0082647 0.0069958 0.0057193 0.0044756 0.0033104 0.0022702 
30.255 0.012095 0.011137 0.010101 0.008995 0.0078301 0.006628 0.0054186 0.0042403 0.0031364 0.0021509 
30.866 0.011458 0.010551 0.00957 0.0085218 0.0074182 0.0062793 0.0051336 0.0040172 0.0029714 0.0020378 
31.49 0.010855 0.0099954 0.0090663 0.0080732 0.0070278 0.0059488 0.0048634 0.0038058 0.0028151 0.0019306 
32.126 0.010283 0.009469 0.0085888 0.0076481 0.0066577 0.0056356 0.0046073 0.0036055 0.0026669 0.0018289 
32.775 0.0097416 0.0089701 0.0081363 0.0072451 0.0063069 0.0053387 0.0043646 0.0034155 0.0025264 0.0017326 
33.437 0.009228 0.0084972 0.0077074 0.0068632 0.0059745 0.0050573 0.0041346 0.0032355 0.0023933 0.0016413 
34.112 0.0087413 0.008049 0.0073008 0.0065012 0.0056594 0.0047906 0.0039166 0.0030649 0.0022671 0.0015548 
34.801 0.00828 0.0076243 0.0069156 0.0061582 0.0053608 0.0045378 0.0037099 0.0029033 0.0021475 0.0014728 
35.504 0.0078428 0.0072217 0.0065505 0.005833 0.0050778 0.0042983 0.0035141 0.00275 0.0020342 0.0013951 
36.222 0.0074285 0.0068402 0.0062045 0.0055249 0.0048096 0.0040713 0.0033285 0.0026048 0.0019268 0.0013215 
36.953 0.0070359 0.0064787 0.0058765 0.005233 0.0045554 0.0038561 0.0031527 0.0024672 0.001825 0.0012517 
37.7 0.0066638 0.0061361 0.0055658 0.0049563 0.0043145 0.0036523 0.002986 0.0023368 0.0017286 0.0011855 
38.462 0.0063113 0.0058115 0.0052714 0.0046941 0.0040863 0.0034591 0.0028281 0.0022132 0.0016372 0.0011229 
39.239 0.0059772 0.0055039 0.0049923 0.0044456 0.00387 0.003276 0.0026784 0.0020961 0.0015506 0.0010635 
40.031 0.0056606 0.0052124 0.0047279 0.0042102 0.0036651 0.0031026 0.0025366 0.0019851 0.0014685 0.0010072 
40.84 0.0053606 0.0049362 0.0044774 0.0039871 0.0034709 0.0029382 0.0024022 0.00188 0.0013907 0.00095388 
41.665 0.0050764 0.0046745 0.0042401 0.0037758 0.0032869 0.0027825 0.0022749 0.0017804 0.001317 0.00090336 
42.507 0.0048071 0.0044265 0.0040152 0.0035755 0.0031126 0.0026349 0.0021543 0.001686 0.0012472 0.00085549 
43.365 0.004552 0.0041916 0.0038021 0.0033857 0.0029474 0.0024951 0.00204 0.0015965 0.0011811 0.00081013 
44.241 0.0043103 0.003969 0.0036002 0.003206 0.002791 0.0023626 0.0019317 0.0015118 0.0011184 0.00076715 
45.135 0.0040812 0.0037581 0.0034089 0.0030357 0.0026427 0.0022371 0.0018291 0.0014315 0.001059 0.00072644 
46.047 0.0038643 0.0035583 0.0032277 0.0028743 0.0025022 0.0021182 0.0017319 0.0013555 0.0010028 0.00068786 
46.977 0.0036587 0.0033691 0.003056 0.0027214 0.0023692 0.0020056 0.0016398 0.0012834 0.00094949 0.00065132 
47.926 0.003464 0.0031898 0.0028934 0.0025766 0.0022431 0.0018989 0.0015526 0.0012152 0.00089901 0.0006167 
48.894 0.0032795 0.0030199 0.0027393 0.0024394 0.0021237 0.0017978 0.00147 0.0011505 0.00085118 0.0005839 
49.882 0.0031048 0.002859 0.0025934 0.0023095 0.0020106 0.0017021 0.0013917 0.0010892 0.00080587 0.00055283 
50.89 0.0029393 0.0027066 0.0024551 0.0021864 0.0019034 0.0016114 0.0013175 0.0010312 0.00076295 0.0005234 
51.918 0.0027825 0.0025622 0.0023242 0.0020698 0.0018019 0.0015254 0.0012473 0.00097626 0.0007223 0.00049552 
52.966 0.002634 0.0024255 0.0022001 0.0019593 0.0017058 0.0014441 0.0011808 0.00092419 0.00068379 0.00046911 
54.036 0.0024933 0.0022959 0.0020827 0.0018547 0.0016147 0.001367 0.0011177 0.00087487 0.00064731 0.0004441 
55.128 0.00236 0.0021733 0.0019714 0.0017556 0.0015284 0.001294 0.001058 0.00082816 0.00061276 0.0004204 
56.242 0.0022338 0.0020571 0.001866 0.0016617 0.0014467 0.0012248 0.0010015 0.00078392 0.00058004 0.00039796 
57.378 0.0021143 0.001947 0.0017661 0.0015728 0.0013693 0.0011593 0.00094796 0.00074201 0.00054904 0.00037671 
58.537 0.0020011 0.0018428 0.0016716 0.0014887 0.001296 0.0010973 0.00089724 0.00070233 0.00051968 0.00035657 
59.72 0.0018939 0.001744 0.0015821 0.0014089 0.0012266 0.0010385 0.00084921 0.00066474 0.00049188 0.00033751 
60.926 0.0017924 0.0016505 0.0014973 0.0013334 0.0011609 0.00098286 0.00080372 0.00062914 0.00046555 0.00031945 
62.157 0.0016962 0.001562 0.0014169 0.0012619 0.0010987 0.00093017 0.00076064 0.00059543 0.00044061 0.00030235 
63.412 0.0016052 0.0014782 0.0013409 0.0011942 0.0010397 0.00088026 0.00071984 0.0005635 0.000417 0.00028615 
64.693 0.0015189 0.0013988 0.0012689 0.00113 0.00098388 0.00083301 0.00068121 0.00053327 0.00039464 0.00027082 
66.0 0.0014373 0.0013236 0.0012007 0.0010693 0.00093101 0.00078826 0.00064462 0.00050464 0.00037346 0.00025629 
67.334 0.00136 0.0012524 0.0011361 0.0010118 0.00088095 0.00074588 0.00060998 0.00047753 0.0003534 0.00024254 
68.694 0.0012868 0.001185 0.001075 0.00095736 0.00083355 0.00070576 0.00057718 0.00045186 0.00033441 0.00022951 
70.082 0.0012174 0.0011211 0.0010171 0.00090581 0.00078867 0.00066777 0.00054611 0.00042755 0.00031643 0.00021718 
71.497 0.0011518 0.0010607 0.00096224 0.00085699 0.00074617 0.00063179 0.0005167 0.00040453 0.00029941 0.00020551 
72.942 0.0010897 0.0010035 0.00091033 0.00081077 0.00070594 0.00059773 0.00048886 0.00038274 0.00028329 0.00019445 
74.415 0.0010308 0.0009493 0.00086119 0.00076701 0.00066784 0.00056549 0.00046249 0.00036211 0.00026802 0.00018398 
75.918 0.00097512 0.00089801 0.00081466 0.00072557 0.00063177 0.00053495 0.00043753 0.00034257 0.00025357 0.00017407 
77.452 0.00092238 0.00084945 0.00077061 0.00068635 0.00059763 0.00050605 0.0004139 0.00032407 0.00023989 0.00016468 
79.017 0.00087246 0.00080347 0.00072891 0.00064921 0.0005653 0.00047868 0.00039152 0.00030656 0.00022694 0.0001558 
80.613 0.00082519 0.00075995 0.00068944 0.00061406 0.0005347 0.00045278 0.00037034 0.00028999 0.00021467 0.00014739 
82.241 0.00078045 0.00071875 0.00065206 0.00058078 0.00050573 0.00042825 0.00035029 0.00027429 0.00020306 0.00013942 
83.903 0.0007381 0.00067975 0.00061669 0.00054928 0.0004783 0.00040503 0.00033131 0.00025944 0.00019207 0.00013189 
85.598 0.000698 0.00064283 0.0005832 0.00051946 0.00045234 0.00038306 0.00031334 0.00024537 0.00018167 0.00012475 
87.327 0.00066005 0.00060789 0.0005515 0.00049123 0.00042777 0.00036225 0.00029633 0.00023206 0.00017182 0.00011799 
89.091 0.00062413 0.00057481 0.0005215 0.00046451 0.00040451 0.00034256 0.00028023 0.00021946 0.0001625 0.0001116 
90.891 0.00059014 0.0005435 0.0004931 0.00043922 0.00038249 0.00032393 0.00026499 0.00020754 0.00015368 0.00010555 
92.727 0.00055796 0.00051387 0.00046622 0.00041529 0.00036165 0.00030629 0.00025057 0.00019625 0.00014532 9.9816e-05 
94.6 0.0005275 0.00048583 0.00044078 0.00039263 0.00034193 0.00028959 0.00023691 0.00018556 0.00013742 9.4392e-05 
96.511 0.00049868 0.00045929 0.00041671 0.00037119 0.00032327 0.00027379 0.00022399 0.00017545 0.00012994 8.9259e-05 
98.461 0.0004714 0.00043417 0.00039392 0.0003509 0.0003056 0.00025883 0.00021176 0.00016588 0.00012285 8.4401e-05 
100.45 0.00044559 0.0004104 0.00037236 0.0003317 0.00028888 0.00024468 0.00020019 0.00015682 0.00011615 7.9803e-05 
102.48 0.00042116 0.00038791 0.00035196 0.00031353 0.00027306 0.00023129 0.00018924 0.00014825 0.00010981 7.5451e-05 
104.55 0.00039805 0.00036662 0.00033265 0.00029633 0.00025809 0.00021861 0.00017888 0.00014014 0.00010381 7.1333e-05 
106.66 0.00037618 0.00034648 0.00031438 0.00028006 0.00024393 0.00020662 0.00016907 0.00013246 9.8128e-05 6.7436e-05 
108.82 0.00035548 0.00032742 0.00029709 0.00026467 0.00023052 0.00019527 0.00015979 0.00012519 9.2753e-05 6.3748e-05 
111.01 0.0003359 0.00030939 0.00028074 0.0002501 0.00021784 0.00018454 0.00015101 0.00011832 8.7667e-05 6.0258e-05 
113.26 0.00031738 0.00029233 0.00026526 0.00023632 0.00020584 0.00017438 0.0001427 0.00011182 8.2854e-05 5.6956e-05 
115.54 0.00029985 0.00027619 0.00025062 0.00022328 0.00019449 0.00016476 0.00013484 0.00010566 7.83e-05 5.3831e-05 
117.88 0.00028327 0.00026092 0.00023677 0.00021094 0.00018375 0.00015567 0.00012741 9.9843e-05 7.3992e-05 5.0874e-05 
120.26 0.00026758 0.00024648 0.00022366 0.00019927 0.00017359 0.00014707 0.00012037 9.4335e-05 6.9916e-05 4.8077e-05 
122.69 0.00025274 0.00023281 0.00021127 0.00018823 0.00016397 0.00013893 0.00011371 8.9125e-05 6.606e-05 4.543e-05 
125.17 0.00023871 0.00021989 0.00019954 0.00017779 0.00015488 0.00013123 0.00010742 8.4195e-05 6.2411e-05 4.2926e-05 
127.7 0.00022543 0.00020766 0.00018845 0.00016791 0.00014628 0.00012395 0.00010146 7.9532e-05 5.896e-05 4.0558e-05 
130.28 0.00021287 0.00019609 0.00017796 0.00015857 0.00013815 0.00011706 9.5828e-05 7.5121e-05 5.5695e-05 3.8317e-05 
132.91 0.000201 0.00018516 0.00016804 0.00014973 0.00013045 0.00011054 9.0499e-05 7.0949e-05 5.2607e-05 3.6197e-05 
135.59 0.00018976 0.00017481 0.00015865 0.00014137 0.00012317 0.00010438 8.5459e-05 6.7003e-05 4.9686e-05 3.4192e-05 
138.33 0.00017914 0.00016503 0.00014978 0.00013347 0.00011629 9.8553e-05 8.0693e-05 6.3271e-05 4.6923e-05 3.2295e-05 
141.13 0.0001691 0.00015578 0.00014139 0.00012599 0.00010978 9.3041e-05 7.6185e-05 5.9741e-05 4.431e-05 3.0501e-05 
143.98 0.0001596 0.00014703 0.00013345 0.00011893 0.00010363 8.7829e-05 7.1922e-05 5.6402e-05 4.1839e-05 2.8804e-05 
146.89 0.00015062 0.00013876 0.00012595 0.00011224 9.7808e-05 8.2901e-05 6.789e-05 5.3246e-05 3.9501e-05 2.7199e-05 
149.85 0.00014213 0.00013094 0.00011885 0.00010592 9.2305e-05 7.8241e-05 6.4078e-05 5.026e-05 3.7291e-05 2.5682e-05 
152.88 0.0001341 0.00012355 0.00011214 9.9949e-05 8.7102e-05 7.3835e-05 6.0474e-05 4.7438e-05 3.5201e-05 2.4247e-05 
155.97 0.00012651 0.00011656 0.0001058 9.43e-05 8.2184e-05 6.9669e-05 5.7067e-05 4.4769e-05 3.3225e-05 2.2889e-05 
159.12 0.00011934 0.00010995 9.9809e-05 8.8961e-05 7.7534e-05 6.5732e-05 5.3845e-05 4.2246e-05 3.1357e-05 2.1606e-05 
162.33 0.00011256 0.00010371 9.4143e-05 8.3914e-05 7.3139e-05 6.2009e-05 5.08e-05 3.986e-05 2.959e-05 2.0393e-05 
165.61 0.00010615 9.7806e-05 8.8787e-05 7.9143e-05 6.8984e-05 5.849e-05 4.7921e-05 3.7606e-05 2.792e-05 1.9245e-05 
168.96 0.00010009 9.2228e-05 8.3726e-05 7.4635e-05 6.5057e-05 5.5164e-05 4.5199e-05 3.5474e-05 2.6342e-05 1.8161e-05 
172.37 9.4367e-05 8.6956e-05 7.8943e-05 7.0374e-05 6.1346e-05 5.2021e-05 4.2628e-05 3.3459e-05 2.4849e-05 1.7136e-05 
175.85 8.8958e-05 8.1974e-05 7.4422e-05 6.6347e-05 5.7839e-05 4.905e-05 4.0197e-05 3.1555e-05 2.3439e-05 1.6166e-05 
179.41 8.3848e-05 7.7267e-05 7.0151e-05 6.2542e-05 5.4525e-05 4.6243e-05 3.79e-05 2.9755e-05 2.2106e-05 1.525e-05 
183.03 7.902e-05 7.282e-05 6.6116e-05 5.8947e-05 5.1394e-05 4.3591e-05 3.5729e-05 2.8055e-05 2.0846e-05 1.4384e-05 
186.73 7.4458e-05 6.8618e-05 6.2304e-05 5.5551e-05 4.8435e-05 4.1084e-05 3.3678e-05 2.6448e-05 1.9655e-05 1.3566e-05 
190.5 7.015e-05 6.465e-05 5.8702e-05 5.2342e-05 4.5641e-05 3.8717e-05 3.1741e-05 2.4929e-05 1.853e-05 1.2792e-05 
194.35 6.608e-05 6.0901e-05 5.5301e-05 4.9311e-05 4.3001e-05 3.648e-05 2.991e-05 2.3495e-05 1.7467e-05 1.2062e-05 
198.28 6.2236e-05 5.7361e-05 5.2088e-05 4.6449e-05 4.0507e-05 3.4367e-05 2.8181e-05 2.214e-05 1.6462e-05 1.1371e-05 
202.28 5.8607e-05 5.4017e-05 4.9054e-05 4.3746e-05 3.8152e-05 3.2372e-05 2.6548e-05 2.086e-05 1.5514e-05 1.0718e-05 
206.37 5.518e-05 5.086e-05 4.6189e-05 4.1193e-05 3.5928e-05 3.0488e-05 2.5005e-05 1.965e-05 1.4617e-05 1.0102e-05 
210.54 5.1945e-05 4.788e-05 4.3484e-05 3.8783e-05 3.3829e-05 2.8709e-05 2.3549e-05 1.8509e-05 1.3771e-05 9.5197e-06 
214.79 4.889e-05 4.5066e-05 4.0931e-05 3.6508e-05 3.1846e-05 2.7029e-05 2.2173e-05 1.743e-05 1.2971e-05 8.9696e-06 
219.13 4.6007e-05 4.241e-05 3.852e-05 3.4359e-05 2.9974e-05 2.5443e-05 2.0875e-05 1.6412e-05 1.2216e-05 8.45e-06 
223.56 4.3286e-05 3.9903e-05 3.6245e-05 3.2332e-05 2.8208e-05 2.3945e-05 1.9649e-05 1.5451e-05 1.1503e-05 7.9594e-06 
228.07 4.0718e-05 3.7538e-05 3.4098e-05 3.0418e-05 2.654e-05 2.2532e-05 1.8491e-05 1.4543e-05 1.083e-05 7.496e-06 
232.68 3.8295e-05 3.5305e-05 3.2072e-05 2.8613e-05 2.4967e-05 2.1198e-05 1.7399e-05 1.3687e-05 1.0194e-05 7.0584e-06 
237.38 3.601e-05 3.3199e-05 3.016e-05 2.6909e-05 2.3482e-05 1.994e-05 1.6368e-05 1.2878e-05 9.5946e-06 6.6453e-06 
242.17 3.3854e-05 3.1213e-05 2.8357e-05 2.5302e-05 2.2082e-05 1.8753e-05 1.5396e-05 1.2115e-05 9.0285e-06 6.2554e-06 
247.07 3.1821e-05 2.934e-05 2.6657e-05 2.3787e-05 2.0761e-05 1.7633e-05 1.4479e-05 1.1396e-05 8.4944e-06 5.8875e-06 
252.06 2.9905e-05 2.7575e-05 2.5054e-05 2.2358e-05 1.9516e-05 1.6577e-05 1.3614e-05 1.0717e-05 7.9905e-06 5.5402e-06 
257.15 2.8098e-05 2.591e-05 2.3543e-05 2.1011e-05 1.8341e-05 1.5581e-05 1.2798e-05 1.0077e-05 7.5151e-06 5.2126e-06 
262.34 2.6395e-05 2.434e-05 2.2118e-05 1.974e-05 1.7234e-05 1.4642e-05 1.2028e-05 9.4726e-06 7.0666e-06 4.9034e-06 
267.64 2.4789e-05 2.286e-05 2.0774e-05 1.8543e-05 1.619e-05 1.3757e-05 1.1302e-05 8.9028e-06 6.6434e-06 4.6115e-06 
273.05 2.3274e-05 2.1465e-05 1.9507e-05 1.7413e-05 1.5205e-05 1.2921e-05 1.0618e-05 8.3652e-06 6.2441e-06 4.3361e-06 
278.57 2.1847e-05 2.0149e-05 1.8313e-05 1.6348e-05 1.4276e-05 1.2133e-05 9.9721e-06 7.8582e-06 5.8673e-06 4.0761e-06 
284.19 2.0502e-05 1.8909e-05 1.7187e-05 1.5344e-05 1.3401e-05 1.1391e-05 9.3634e-06 7.3801e-06 5.512e-06 3.831e-06 
289.94 1.9236e-05 1.7743e-05 1.6128e-05 1.4399e-05 1.2577e-05 1.0692e-05 8.7903e-06 6.93e-06 5.1774e-06 3.5999e-06 
295.79 1.8046e-05 1.6646e-05 1.5132e-05 1.3511e-05 1.1802e-05 1.0035e-05 8.2513e-06 6.5065e-06 4.8625e-06 3.3825e-06 
301.77 1.6928e-05 1.5616e-05 1.4196e-05 1.2677e-05 1.1075e-05 9.4172e-06 7.7448e-06 6.1085e-06 4.5665e-06 3.1779e-06 
