0.0001 447.02 411.58 373.27 332.33 289.24 244.77 200.04 156.46 115.65 79.235 
0.00010202 455.69 419.55 380.5 338.77 294.84 249.51 203.91 159.49 117.89 80.77 
0.00010408 464.51 427.68 387.88 345.34 300.55 254.34 207.86 162.58 120.18 82.335 
0.00010618 473.51 435.97 395.39 352.03 306.38 259.27 211.89 165.73 122.51 83.931 
0.00010833 482.69 444.41 403.05 358.85 312.31 264.3 216.0 168.94 124.88 85.557 
0.00011052 492.04 453.02 410.86 365.8 318.36 269.42 220.18 172.22 127.3 87.215 
0.00011275 501.57 461.8 418.82 372.89 324.53 274.64 224.45 175.55 129.77 88.904 
0.00011503 511.29 470.75 426.93 380.11 330.82 279.96 228.79 178.96 132.28 90.627 
0.00011735 521.19 479.87 435.2 387.47 337.23 285.38 233.23 182.42 134.84 92.383 
0.00011972 531.29 489.16 443.63 394.98 343.76 290.91 237.75 185.96 137.45 94.172 
0.00012214 541.58 498.64 452.23 402.63 350.42 296.54 242.35 189.56 140.12 95.997 
0.00012461 552.07 508.3 460.99 410.43 357.21 302.29 247.05 193.23 142.83 97.856 
0.00012712 562.76 518.14 469.92 418.38 364.13 308.14 251.83 196.97 145.6 99.752 
0.00012969 573.66 528.18 479.02 426.48 371.18 314.11 256.71 200.79 148.42 101.68 
0.00013231 584.77 538.41 488.3 434.74 378.37 320.2 261.68 204.68 151.29 103.65 
0.00013499 596.1 548.83 497.75 443.16 385.7 326.4 266.75 208.64 154.22 105.66 
0.00013771 607.64 559.46 507.39 451.75 393.17 332.72 271.92 212.68 157.21 107.71 
0.00014049 619.41 570.3 517.22 460.49 400.78 339.16 277.18 216.8 160.26 109.79 
0.00014333 631.41 581.34 527.24 469.41 408.54 345.73 282.55 221.0 163.36 111.92 
0.00014623 643.63 592.6 537.45 478.5 416.45 352.43 288.02 225.28 166.52 114.09 
0.00014918 656.1 604.07 547.85 487.77 424.52 359.25 293.6 229.64 169.75 116.3 
0.0001522 668.8 615.77 558.46 497.21 432.74 366.21 299.28 234.09 173.04 118.55 
0.00015527 681.75 627.69 569.27 506.84 441.12 373.3 305.08 238.62 176.39 120.85 
0.00015841 694.95 639.84 580.3 516.65 449.66 380.53 310.99 243.25 179.8 123.19 
0.00016161 708.4 652.23 591.53 526.66 458.36 387.89 317.01 247.95 183.28 125.57 
0.00016487 722.11 664.86 602.98 536.85 467.24 395.4 323.15 252.76 186.83 128.0 
0.0001682 736.09 677.73 614.65 547.24 476.28 403.06 329.4 257.65 190.45 130.48 
0.0001716 750.34 690.85 626.55 557.84 485.5 410.86 335.78 262.64 194.14 133.01 
0.00017507 764.86 704.22 638.68 568.63 494.9 418.81 342.28 267.72 197.9 135.58 
0.0001786 779.67 717.85 651.04 579.64 504.48 426.92 348.9 272.9 201.73 138.21 
0.00018221 794.76 731.74 663.64 590.86 514.24 435.18 355.66 278.19 205.63 140.88 
0.00018589 810.13 745.9 676.48 602.29 524.19 443.6 362.54 283.57 209.61 143.61 
0.00018965 825.81 760.33 689.57 613.95 534.34 452.19 369.56 289.06 213.67 146.39 
0.00019348 841.79 775.05 702.91 625.83 544.68 460.94 376.71 294.65 217.8 149.22 
0.00019739 858.08 790.04 716.51 637.94 555.22 469.86 384.0 300.35 222.02 152.11 
0.00020138 874.68 805.32 730.38 650.28 565.96 478.95 391.43 306.17 226.31 155.06 
0.00020544 891.59 820.9 744.51 662.86 576.91 488.21 399.0 312.09 230.69 158.06 
0.00020959 908.84 836.78 758.91 675.68 588.07 497.66 406.72 318.13 235.16 161.11 
0.00021383 926.42 852.97 773.58 688.75 599.44 507.28 414.59 324.28 239.71 164.23 
0.00021815 944.33 869.46 788.55 702.07 611.03 517.1 422.6 330.55 244.34 167.41 
0.00022255 962.59 886.27 803.79 715.64 622.85 527.1 430.78 336.95 249.07 170.65 
0.00022705 981.21 903.41 819.34 729.48 634.9 537.29 439.11 343.46 253.89 173.95 
0.00023164 1000.2 920.88 835.18 743.59 647.17 547.68 447.6 350.11 258.8 177.31 
0.00023632 1019.5 938.68 851.32 757.96 659.68 558.27 456.25 356.88 263.8 180.74 
0.00024109 1039.2 956.82 867.78 772.61 672.43 569.06 465.07 363.78 268.9 184.24 
0.00024596 1059.3 975.31 884.55 787.55 685.43 580.06 474.07 370.81 274.1 187.8 
0.00025093 1079.8 994.16 901.64 802.77 698.68 591.27 483.23 377.98 279.4 191.43 
0.000256 1100.6 1013.4 919.07 818.28 712.18 602.7 492.57 385.28 284.8 195.13 
0.00026117 1121.9 1032.9 936.82 834.09 725.94 614.34 502.09 392.73 290.31 198.9 
0.00026645 1143.6 1052.9 954.92 850.2 739.97 626.21 511.79 400.32 295.92 202.75 
0.00027183 1165.7 1073.2 973.36 866.62 754.26 638.31 521.67 408.05 301.63 206.67 
0.00027732 1188.2 1094.0 992.16 883.36 768.83 650.64 531.75 415.93 307.46 210.66 
0.00028292 1211.1 1115.1 1011.3 900.42 783.67 663.2 542.02 423.97 313.4 214.73 
0.00028864 1234.5 1136.6 1030.8 917.8 798.81 676.01 552.49 432.15 319.45 218.88 
0.00029447 1258.3 1158.6 1050.7 935.52 814.23 689.06 563.15 440.5 325.62 223.1 
0.00030042 1282.6 1180.9 1071.0 953.58 829.94 702.36 574.03 449.0 331.91 227.41 
0.00030649 1307.3 1203.7 1091.7 971.98 845.96 715.92 585.11 457.67 338.32 231.8 
0.00031268 1332.6 1226.9 1112.8 990.73 862.28 729.73 596.4 466.5 344.85 236.28 
0.00031899 1358.3 1250.6 1134.2 1009.8 878.92 743.81 607.91 475.51 351.5 240.84 
0.00032544 1384.5 1274.7 1156.1 1029.3 895.87 758.16 619.63 484.68 358.29 245.49 
0.00033201 1411.2 1299.3 1178.4 1049.2 913.15 772.78 631.58 494.03 365.2 250.23 
0.00033872 1438.4 1324.3 1201.1 1069.4 930.75 787.68 643.76 503.56 372.24 255.05 
0.00034556 1466.1 1349.9 1224.3 1090.0 948.69 802.87 656.17 513.27 379.42 259.97 
0.00035254 1494.3 1375.9 1247.8 1111.0 966.98 818.34 668.82 523.16 386.74 264.99 
0.00035966 1523.1 1402.4 1271.9 1132.4 985.61 834.11 681.71 533.25 394.19 270.1 
0.00036693 1552.5 1429.4 1296.4 1154.2 1004.6 850.18 694.85 543.52 401.79 275.3 
0.00037434 1582.3 1456.9 1321.3 1176.5 1023.9 866.55 708.23 553.99 409.53 280.61 
0.0003819 1612.8 1485.0 1346.8 1199.1 1043.7 883.24 721.87 564.66 417.42 286.02 
0.00038962 1643.8 1513.5 1372.7 1222.2 1063.7 900.24 735.77 575.54 425.46 291.53 
0.00039749 1675.5 1542.7 1399.1 1245.7 1084.2 917.57 749.93 586.62 433.65 297.14 
0.00040552 1707.7 1572.3 1426.0 1269.7 1105.1 935.22 764.36 597.91 442.0 302.86 
0.00041371 1740.5 1602.6 1453.5 1294.1 1126.3 953.21 779.07 609.41 450.51 308.69 
0.00042207 1774.0 1633.4 1481.4 1319.0 1148.0 971.54 794.05 621.13 459.18 314.63 
0.0004306 1808.1 1664.8 1509.9 1344.3 1170.1 990.22 809.32 633.08 468.01 320.69 
0.00043929 1842.8 1696.7 1538.9 1370.1 1192.5 1009.2 824.87 645.25 477.01 326.85 
0.00044817 1878.2 1729.3 1568.4 1396.5 1215.4 1028.6 840.72 657.65 486.17 333.14 
0.00045722 1914.3 1762.5 1598.5 1423.3 1238.8 1048.4 856.87 670.28 495.52 339.54 
0.00046646 1951.0 1796.3 1629.2 1450.6 1262.6 1068.5 873.32 683.15 505.03 346.07 
0.00047588 1988.4 1830.8 1660.5 1478.4 1286.8 1089.0 890.08 696.27 514.73 352.71 
0.0004855 2026.5 1865.9 1692.3 1506.8 1311.5 1109.9 907.16 709.63 524.61 359.49 
0.0004953 2065.4 1901.7 1724.8 1535.7 1336.6 1131.2 924.56 723.24 534.68 366.39 
0.00050531 2105.0 1938.1 1757.8 1565.1 1362.2 1152.9 942.28 737.11 544.93 373.42 
0.00051552 2145.3 1975.2 1791.5 1595.1 1388.3 1175.0 960.34 751.24 555.38 380.58 
0.00052593 2186.3 2013.1 1825.8 1625.6 1414.9 1197.5 978.73 765.63 566.03 387.88 
0.00053656 2228.2 2051.6 1860.7 1656.7 1442.0 1220.4 997.47 780.29 576.87 395.31 
0.00054739 2270.8 2090.8 1896.3 1688.4 1469.6 1243.7 1016.6 795.23 587.91 402.88 
0.00055845 2314.2 2130.8 1932.6 1720.7 1497.7 1267.5 1036.0 810.44 599.17 410.6 
0.00056973 2358.4 2171.5 1969.5 1753.6 1526.3 1291.8 1055.8 825.94 610.63 418.45 
0.00058124 2403.5 2213.0 2007.1 1787.1 1555.5 1316.4 1076.0 841.73 622.3 426.46 
0.00059299 2449.3 2255.2 2045.4 1821.2 1585.2 1341.6 1096.5 857.81 634.2 434.61 
0.00060496 2496.1 2298.3 2084.5 1856.0 1615.4 1367.2 1117.5 874.19 646.31 442.92 
0.00061719 2543.7 2342.1 2124.2 1891.4 1646.2 1393.3 1138.8 890.87 658.65 451.38 
0.00062965 2592.1 2386.7 2164.7 1927.4 1677.6 1419.8 1160.5 907.86 671.21 459.99 
0.00064237 2641.5 2432.2 2205.9 1964.1 1709.6 1446.9 1182.6 925.17 684.01 468.77 
0.00065535 2691.8 2478.5 2247.9 2001.5 1742.1 1474.4 1205.2 942.79 697.05 477.7 
0.00066859 2743.0 2525.6 2290.7 2039.6 1775.3 1502.5 1228.1 960.74 710.32 486.81 
0.0006821 2795.1 2573.6 2334.2 2078.4 1809.0 1531.1 1251.4 979.02 723.84 496.08 
0.00069588 2848.2 2622.5 2378.6 2117.9 1843.4 1560.2 1275.2 997.64 737.61 505.52 
0.00070993 2902.3 2672.3 2423.7 2158.1 1878.4 1589.8 1299.5 1016.6 751.63 515.13 
0.00072427 2957.4 2723.0 2469.7 2199.0 1914.1 1620.0 1324.1 1035.9 765.91 524.92 
0.00073891 3013.4 2774.6 2516.6 2240.7 1950.4 1650.7 1349.2 1055.6 780.45 534.89 
0.00075383 3070.5 2827.2 2564.2 2283.2 1987.3 1682.0 1374.8 1075.6 795.25 545.04 
0.00076906 3128.6 2880.7 2612.8 2326.4 2024.9 1713.8 1400.9 1095.9 810.32 555.38 
0.0007846 3187.8 2935.2 2662.2 2370.4 2063.3 1746.3 1427.4 1116.7 825.67 565.9 
0.00080045 3248.1 2990.7 2712.5 2415.2 2102.3 1779.3 1454.4 1137.8 841.29 576.61 
0.00081662 3309.4 3047.2 2763.7 2460.8 2142.0 1812.9 1481.8 1159.3 857.2 587.52 
0.00083311 3371.8 3104.7 2815.9 2507.3 2182.4 1847.1 1509.8 1181.2 873.39 598.62 
0.00084994 3435.4 3163.2 2869.0 2554.6 2223.5 1881.9 1538.3 1203.5 889.87 609.93 
0.00086711 3500.1 3222.8 2923.0 2602.7 2265.4 1917.4 1567.3 1226.2 906.65 621.44 
0.00088463 3566.0 3283.4 2978.0 2651.7 2308.1 1953.5 1596.8 1249.3 923.73 633.15 
0.0009025 3633.0 3345.2 3034.0 2701.5 2351.5 1990.2 1626.8 1272.8 941.12 645.07 
0.00092073 3701.3 3408.0 3091.0 2752.3 2395.7 2027.6 1657.4 1296.7 958.81 657.21 
0.00093933 3770.7 3471.9 3149.0 2803.9 2440.6 2065.7 1688.5 1321.0 976.82 669.56 
0.00095831 3841.4 3537.0 3208.1 2856.5 2486.4 2104.4 1720.2 1345.8 995.15 682.13 
0.00097767 3913.3 3603.3 3268.1 2910.0 2532.9 2143.8 1752.4 1371.0 1013.8 694.92 
0.00099742 3986.5 3670.7 3329.3 2964.4 2580.3 2183.9 1785.2 1396.7 1032.8 707.94 
0.0010176 4061.0 3739.2 3391.5 3019.8 2628.5 2224.8 1818.6 1422.8 1052.1 721.18 
0.0010381 4136.8 3809.0 3454.8 3076.2 2677.6 2266.3 1852.5 1449.4 1071.7 734.66 
0.0010591 4213.9 3880.1 3519.2 3133.5 2727.5 2308.6 1887.1 1476.4 1091.7 748.37 
0.0010805 4292.4 3952.3 3584.7 3191.9 2778.3 2351.5 1922.2 1503.9 1112.1 762.33 
0.0011023 4372.2 4025.8 3651.4 3251.3 2830.0 2395.3 1958.0 1531.9 1132.8 776.52 
0.0011246 4453.4 4100.6 3719.2 3311.7 2882.6 2439.8 1994.4 1560.4 1153.8 790.96 
0.0011473 4536.1 4176.7 3788.2 3373.1 2936.1 2485.1 2031.4 1589.3 1175.3 805.65 
0.0011705 4620.1 4254.0 3858.4 3435.6 2990.5 2531.1 2069.0 1618.8 1197.0 820.59 
0.0011941 4705.6 4332.7 3929.8 3499.1 3045.8 2577.9 2107.3 1648.7 1219.2 835.79 
0.0012182 4792.5 4412.8 4002.4 3563.8 3102.1 2625.6 2146.2 1679.2 1241.7 851.25 
0.001242 4881.04435 4493.86938 4076.84312 3631.50564 3160.949428 2679.169913 2194.820642 1718.221799 1268.171499 866.945534 
0.00296780857143 10424.60692 9598.21016 8708.35154 7757.91912 6753.06975 5723.98743 4689.28334 3671.18731 2710.100624 1852.737481 
0.00469361714286 14791.21644 13618.67094 12356.05707 11007.29875 9580.9161 8121.12868 6652.96177 5208.1806 3844.47777 2627.869804 
0.00641942571429 18185.43468 16744.46424 15192.6362 13534.82459 11781.55608 9986.87375 8181.7162 6405.09282 4727.89142 3232.074937 
0.00814523428571 20743.74134 19100.85709 17331.44357 15441.01965 13441.54574 11394.54918 9335.51675 7308.79149 5395.00927 3688.32016 
0.00987104285714 22595.69781 20807.17576 18880.62708 16822.10229 14644.66626 12415.20056 10172.30984 7964.36053 5879.27382 4019.53125 
0.0115968528571 23890.64972 22000.51392 19964.54481 17788.96441 15487.34523 13130.29382 10758.88786 8424.19319 6219.07706 4252.09554 
0.0133226614286 24705.09293 22751.83141 20647.51955 18398.58517 16019.07069 13581.98366 11129.7326 8715.14637 6434.31642 4399.61641 
0.0150484714286 25116.6209 23132.18411 20994.01472 18708.58171 16290.08871 13812.66488 11319.54537 8864.46799 6545.15687 4475.67666 
0.0167742714286 25197.62378 23208.15175 21064.22339 18772.42087 16347.08159 13862.04659 11360.81513 8897.45087 6570.19587 4493.07362 
0.0185000857143 24993.96753 23022.17372 20896.95944 18624.75251 16219.64337 13755.1232 11274.09444 8830.27432 6521.28064 4459.91924 
0.0202259 24569.29923 22632.34393 20544.60583 18312.19376 15948.71453 13526.40394 11087.52645 8684.90406 6414.52532 4387.26155 
0.0219517 23977.41843 22088.46598 20052.03382 17874.25136 15568.58478 13204.92376 10824.82618 8479.85866 6263.72537 4284.40957 
0.0236775142857 23274.98873 21437.6372 19458.15676 17342.44701 15103.54195 12809.96269 10501.19539 8226.99906 6077.9943 4157.67793 
0.0254033285714 22560.82843 20753.93873 18814.8534 16749.95224 14572.81119 12352.52417 10123.03446 7931.69321 5865.4715 4012.99024 
0.0271291285714 21844.70274 20051.26893 18138.84156 16115.17243 13995.46673 11850.1012 9705.46969 7606.99912 5638.85483 3859.23706 
0.0288549428571 21016.7762 19262.76338 17400.31454 15437.85719 13391.33054 11330.16465 9275.93079 7273.55853 5406.12247 3701.2787 
0.0305807428571 20104.70833 18419.12401 16631.61724 14750.33427 12790.66208 10820.04819 8857.59427 6948.22646 5174.27505 3543.50899 
0.0323065571429 19185.4992 17576.64055 15870.62029 14075.22452 12205.16451 10324.8831 8452.4804 6632.6596 4946.56764 3388.307664 
0.0340323714286 18301.38926 16767.08166 15140.00285 13427.69883 11644.33893 9850.80222 8064.69146 6330.29481 4727.34262 3238.80494 
0.0357581714286 17468.11878 16004.31826 14451.86596 12817.89628 11115.83081 9403.9967 7699.17008 6045.12118 4520.07458 3097.364088 
0.0374839857143 16691.8549 15293.3753 13810.32905 12249.35663 10623.09073 8987.41291 7358.27953 5778.9669 4326.27615 2965.042234 
0.0392097857143 15974.49784 14636.39653 13217.24775 11723.51362 10167.39808 8602.03869 7042.93905 5532.68604 4146.43096 2842.272244 
0.0409356 15318.77445 14035.69034 12674.9819 11242.7511 9750.60849 8249.64392 6754.56523 5307.34533 3981.69492 2729.73463 
0.0426614142857 14722.92514 13489.93961 12182.32414 10805.9406 9371.92963 7929.31279 6492.41719 5102.48515 3831.65986 2627.153277 
0.0442871428571 14215.84766 13025.082 11762.54016 10433.74101 9049.28325 7656.56262 6269.19622 4927.88443 3703.55965 2539.611445 
0.0460057142857 13732.53665 12582.37533 11362.8011 10079.2608 8742.14733 7396.73669 6056.58424 4761.64262 3581.31788 2456.043611 
0.0469728571429 13483.45691 12354.45526 11157.24463 9897.10036 8584.13409 7263.25138 5947.40048 4676.19789 3518.40139 2413.017691 
0.0489185714286 13027.32865 11937.65881 10781.39895 9563.97533 8295.50988 7019.33379 5747.93226 4520.10545 3403.043287 2334.154445 
0.0507871428571 12641.37819 11583.37754 10461.45884 9280.54071 8050.05222 6811.99029 5578.42166 4387.38846 3304.645848 2266.830405 
0.0526571428571 12295.55187 11267.19328 10176.56647 9028.40484 7831.81847 6627.73755 5427.91669 4269.51994 3216.771649 2206.662031 
0.0542142857143 12034.86158 11029.77211 9962.3664 8838.19076 7667.19219 6488.82255 5314.52432 4180.68294 3150.180943 2161.082133 
0.05613 11743.66144 10762.92154 9721.79649 8625.46216 7483.34419 6333.80027 5188.03621 4081.44961 3075.271801 2109.782024 
0.0577114285714 11520.77318 10557.44053 9536.73427 8462.46856 7342.49124 6215.13942 5091.32393 4005.554 3017.584346 2070.188848 
0.0594857142857 11282.09663 10340.55477 9341.50896 8289.47308 7193.00841 6089.20354 4988.68461 3924.91813 2955.961309 2027.918557 
0.0613485714286 11038.8376 10117.9169 9141.41305 8113.1505 7040.8296 5961.03816 4884.24111 3842.73533 2892.705592 1984.516023 
0.0630714285714 10820.61757 9918.10911 8961.19742 7953.6212 6902.91273 5844.9258 4789.63142 3768.24602 2835.210903 1945.035694 
0.0648985714286 10584.4998 9701.88191 8766.19849 7781.12307 6754.04044 5719.40838 4687.25621 3687.58957 2772.897407 1902.184361 
0.0665842857143 10364.40356 9501.79972 8586.17151 7621.53203 6615.5782 5602.56886 4591.90221 3612.44513 2714.904682 1862.260533 
0.0683185714286 10127.8296 9283.63457 8389.51246 7448.0392 6465.207 5475.48736 4487.97664 3530.46127 2651.871229 1818.903961 
0.0698985714286 9906.69064 9082.11864 8207.31429 7285.85851 6324.82396 5356.71675 4390.78073 3453.80763 2593.102295 1778.494445 
0.0718742857143 9620.36796 8820.20041 7970.67516 7075.59951 6142.2039 5202.10607 4264.05938 3353.799806 2516.873975 1726.009614 
0.0736557142857 9352.75936 8574.19395 7748.20193 6878.06238 5970.3266 5056.32078 4144.36953 3259.328688 2445.242198 1676.741437 
0.07483 9172.79069 8408.61413 7598.09484 6744.48446 5854.24854 4957.78717 4063.39752 3195.413039 2396.949513 1643.524631 
0.0768314285714 8862.03612 8122.67904 7338.93776 6513.70377 5652.94527 4786.6679 3922.59945 3084.240908 2313.254426 1585.914351 
0.0787628571429 8556.57747 7842.26625 7084.58611 6286.76125 5455.05142 4618.19659 3783.77363 2974.541619 2230.800656 1529.213021 
0.0803942857143 8298.99476 7604.39918 6868.28345 6093.74486 5286.84079 4474.92206 3665.61356 2881.072747 2160.466791 1480.858253 
0.0819328571429 8059.06283 7382.38214 6666.2736 5913.41604 5129.32833 4340.64442 3554.80055 2793.293216 2094.098006 1435.26978 
0.0838585714286 7763.13958 7109.75202 6418.67905 5692.25993 4935.53676 4175.28755 3418.248134 2684.896641 2011.50292 1378.539295 
0.0855528571429 7511.07574 6877.58218 6207.44593 5503.21548 4770.08728 4034.07102 3301.579428 2592.063348 1940.073513 1329.49887 
0.0873357142857 7256.04838 6641.852 5992.95088 5311.51621 4602.26424 3890.79992 3183.164852 2497.603549 1866.7089 1279.134122 
0.0889414285714 7036.4049 6439.38939 5808.1905 5145.78547 4457.75148 3767.42968 3081.176203 2416.112923 1802.983616 1235.346399 
0.0905728571429 6823.86152 6243.7319 5630.40331 4986.81526 4318.44546 3648.48414 2982.862456 2337.508642 1741.276887 1192.930676 
0.0925742857143 6579.95422 6018.26085 5425.52255 4803.97568 4158.23016 3511.69917 2869.849101 2247.201544 1670.413087 1144.186603 
0.0943014285714 6385.21597 5838.98161 5262.34716 4657.88855 4030.54841 3402.761341 2779.865795 2175.406156 1614.460869 1105.63649 
0.0960785714286 6199.9994 5668.50375 5107.15681 4519.00099 3909.43511 3299.478896 2694.616575 2107.563843 1562.031604 1069.513102 
0.0975585714286 6059.00239 5538.71255 4988.98302 4413.21979 3817.18869 3220.913374 2629.859547 2056.189646 1522.698422 1042.403754 
0.0994085714286 5896.00879 5387.94004 4852.26322 4291.6503 3710.99589 3130.578493 2555.459417 1997.301691 1478.051827 1011.611272 
0.101015714286 5766.8933 5269.509 4745.05857 4196.15567 3627.60916 3059.749679 2497.225906 1951.361986 1443.527848 987.824222 
0.102747142857 5639.56141 5153.0605 4639.66153 4102.25599 3545.91685 2990.446186 2440.35239 1906.646448 1410.138856 964.820927 
0.104391428571 5529.28348 5051.82748 4548.11826 4021.01301 3475.51267 2930.854395 2391.548635 1868.376566 1381.714103 945.264096 
0.10589 5436.96846 4966.97614 4471.5195 3953.22935 3416.841834 2881.298784 2351.040335 1836.679593 1358.262507 929.153043 
0.107862857143 5326.74198 4866.23361 4380.77542 3872.92962 3347.298241 2822.657103 2303.222705 1799.383488 1330.779289 910.29113 
0.109472857143 5243.84917 4790.47863 4312.57673 3812.66795 3295.29704 2778.912598 2267.63474 1771.693098 1310.429099 896.361214 
0.111302857143 5156.9021 4711.05012 4241.46597 3750.28654 3241.588385 2733.866065 2231.089462 1743.329742 1289.631294 882.160328 
0.113038571429 5080.36508 4641.15015 4178.58378 3694.92634 3194.384725 2694.349035 2199.108828 1718.577147 1271.482821 869.819874 
0.11468 5010.97961 4578.22337 4122.35236 3645.55835 3151.939847 2658.885236 2170.453236 1696.414545 1255.250346 858.798941 
0.116262857143 4946.25894 4519.69728 4070.07916 3599.63065 3112.446827 2625.89481 2143.803165 1675.810535 1240.168293 848.573425 
0.118174285714 4870.18497 4450.768 4008.33573 3545.29945 3065.941515 2587.002726 2112.35864 1651.493207 1222.367965 836.521434 
0.120087142857 4795.03024 4382.15771 3946.95245 3491.53763 3019.846431 2548.395332 2081.090074 1627.268832 1204.613256 824.49654 
0.121915714286 4722.63666 4316.0719 3887.51055 3439.12723 2974.892508 2510.701347 2050.494474 1603.491043 1187.12986 812.638344 
0.123625714286 4653.18945 4252.67521 3830.73719 3389.192261 2931.585671 2474.230843 2020.784843 1580.324137 1170.041257 801.009958 
0.12514 4591.07901 4195.97045 3779.74338 3344.100452 2892.427762 2441.173532 1993.786284 1559.214202 1154.423781 790.351233 
0.127147142857 4507.20522 4119.26536 3710.34762 3282.353935 2838.867969 2395.83785 1956.645901 1530.078753 1132.791457 775.53672 
0.1287 4440.04925 4057.49106 3654.34601 3232.56577 2795.766246 2359.246953 1926.563429 1506.391516 1115.14445 763.410298 
0.13019 4374.17953 3996.90697 3599.27393 3183.335666 2752.824361 2322.66223 1896.385603 1482.54547 1097.310508 751.113062 
0.131994285714 4293.68429 3922.88414 3531.92931 3123.014657 2700.014023 2277.575223 1859.113165 1453.022774 1075.173631 735.809088 
0.133685714286 4216.38238 3851.8214 3467.30811 3065.125861 2649.204061 2234.100316 1823.079986 1424.395308 1053.637347 720.868694 
0.135658571429 4125.45651 3767.39881 3390.046674 2995.683796 2588.226893 2181.793159 1779.617084 1389.764656 1027.461302 702.656423 
0.137262857143 4051.5846 3698.74393 3327.184721 2939.144362 2538.463424 2139.028605 1744.029462 1361.363913 1005.938395 687.657719 
0.138964285714 3973.68244 3626.38122 3260.969257 2879.580354 2485.9268 2093.823606 1706.37355 1331.281784 983.102827 671.729142 
0.140751428571 3891.62312 3549.81333 3190.81924 2816.471441 2430.124816 2045.733977 1666.227801 1299.112157 958.574211 654.580857 
0.142482857143 3814.04681 3477.65642 3124.571534 2756.646753 2377.229414 2000.110861 1628.116385 1268.552572 935.243008 638.269149 
0.144142857143 3741.45429 3410.325177 3062.644256 2700.531953 2327.619952 1957.292113 1592.329137 1239.842786 913.301298 622.930532 
0.145842857143 3668.66283 3342.832724 3000.794839 2644.681606 2278.116134 1914.52996 1556.55801 1211.110019 891.295447 607.532576 
0.147714285714 3591.66962 3271.286011 2935.1882 2585.458197 2225.640564 1869.208341 1518.657196 1180.672542 867.971104 591.226356 
0.149428571429 3524.10891 3208.312926 2877.37898 2533.281723 2179.431947 1829.306465 1485.300103 1153.890073 847.431578 576.881753 
0.151028571429 3464.21082 3152.73252 2826.281241 2487.063845 2138.730881 1794.195613 1455.961598 1130.34278 829.38772 564.29331 
0.152728571429 3403.083418 3095.989001 2774.14627 2439.950394 2097.244002 1758.429631 1426.093501 1106.383544 811.039964 551.503526 
0.154642857143 3339.024395 3036.20856 2719.399697 2390.724063 2053.712157 1720.955852 1394.844486 1081.344544 791.882042 538.180034 
0.156271428571 3287.312 2988.28803 2675.617805 2351.390881 2019.080819 1691.189626 1370.068567 1061.535608 776.757457 527.690065 
0.157914285714 3237.209647 2942.060205 2633.445269 2313.524024 1985.831771 1662.640364 1346.333653 1042.586573 762.309611 517.68647 
0.159557142857 3191.156066 2899.538838 2594.748352 2278.896116 1955.450203 1636.650225 1324.802857 1025.458525 749.308539 508.71016 
0.161371428571 3142.532386 2854.683699 2553.957763 2242.424926 1923.495294 1609.350169 1302.218022 1007.519968 735.72128 499.34283 
0.163142857143 3098.490157 2814.26698 2517.262594 2209.657793 1894.96867 1585.066455 1282.205687 991.700808 723.820552 491.181831 
0.164757142857 3060.24257 2779.063175 2485.378 2181.310558 1870.301139 1564.121846 1264.991889 978.1331 713.648887 484.223047 
0.166628571429 3018.397256 2740.381007 2450.465059 2150.46594 1843.476481 1541.43171 1246.416381 963.553199 702.773386 476.810131 
0.168257142857 2983.443498 2708.568443 2421.836221 2125.113781 1821.536143 1522.933377 1231.328154 951.769434 694.053297 470.888922 
0.17 2947.194572 2675.814001 2392.400304 2099.017998 1799.003787 1503.965134 1215.884236 939.735965 685.182974 464.877161 
0.1716 2915.424883 2646.748524 2366.27468 2076.016761 1779.245958 1487.41607 1202.470535 929.340664 677.5965 459.749311 
0.173342857143 2881.763892 2615.886756 2338.533183 2051.621915 1758.309924 1469.895287 1188.280282 918.353688 669.592938 454.341916 
0.1753 2844.576518 2582.076217 2308.265834 2025.018149 1735.426336 1450.776467 1172.856944 906.485545 661.015537 448.555849 
0.176985714286 2813.22083 2553.535873 2282.709933 2002.561253 1716.112349 1434.641404 1159.842838 896.475776 653.789899 443.679418 
0.178671428571 2782.135083 2525.096714 2257.209598 1980.173986 1696.873479 1418.570482 1146.88224 886.516428 646.626687 438.835229 
0.180457142857 2749.599818 2495.410064 2230.546836 1956.697351 1676.719142 1401.719235 1133.279546 876.055957 639.103325 433.735848 
0.182214285714 2717.500163 2466.292794 2204.299447 1933.435434 1656.794615 1385.026454 1119.775293 865.654825 631.622838 428.639897 
0.183928571429 2686.558819 2437.991521 2178.806658 1910.919542 1637.414772 1368.761051 1106.592088 855.477329 624.28401 423.621464 
0.1857 2654.769236 2408.546686 2152.312652 1887.639789 1617.230251 1351.776034 1092.786681 844.783618 616.542157 418.29879 
0.187328571429 2625.576506 2381.677095 2128.067011 1866.202632 1598.652685 1336.106079 1080.011989 834.852396 609.32235 413.312599 
0.189071428571 2594.089106 2352.946386 2102.038799 1842.99388 1578.554257 1319.09911 1066.090305 823.976552 601.372296 407.790985 
0.190842857143 2562.485429 2323.957055 2075.728984 1819.521018 1558.165994 1301.792359 1051.877071 812.832482 593.1842 402.080378 
0.192442857143 2534.128247 2297.744995 2051.878136 1798.225863 1539.590486 1285.952619 1038.8098 802.53425 585.564112 396.736438 
0.194257142857 2502.374336 2268.396543 2025.142315 1774.3047 1518.67023 1268.075802 1024.023413 790.84481 576.884154 390.631038 
0.196014285714 2471.722484 2240.072289 1999.277028 1751.060962 1498.235662 1250.538212 1009.441797 779.245236 568.209341 384.494082 
0.197757142857 2441.788874 2212.366464 1973.962942 1728.309086 1478.21338 1233.32853 995.107827 767.817848 559.6388 378.425383 
0.199385714286 2413.940018 2186.480597 1950.278449 1707.010501 1459.418352 1217.110118 981.537375 756.938917 551.418462 372.59061 
0.2011 2385.182898 2159.767414 1925.835583 1685.019742 1440.004552 1200.355597 967.515192 745.694348 542.918236 366.556897 
0.2029 2355.185833 2132.061589 1900.448438 1662.050061 1419.619033 1182.712363 952.691761 733.744228 533.824963 360.082429 
0.204685714286 2326.070964 2105.172104 1875.811777 1639.763293 1399.844054 1165.601122 938.319375 722.16249 525.015694 353.813418 
0.206357142857 2299.601311 2080.406132 1853.010166 1619.15208 1381.605715 1149.760353 924.973245 711.379599 516.781636 347.95978 
0.208042857143 2273.436928 2055.928623 1830.476781 1598.786455 1363.587925 1134.115437 911.796214 700.736995 508.658367 342.1882905 
0.209842857143 2246.041518 2030.541821 1807.185023 1577.711163 1344.87899 1117.889479 898.146186 689.71812 500.236002 336.2257843 
0.2115 2221.320136 2007.70591 1786.258593 1558.770703 1328.049009 1103.301003 885.880849 679.820855 492.669765 330.8778655 
0.2131 2198.083258 1986.177515 1766.54261 1540.975863 1312.280613 1089.653376 874.425335 670.592783 485.623859 325.9154444 
0.214828571429 2173.690813 1963.496983 1745.786651 1522.304658 1295.791231 1075.407214 862.490307 660.997358 478.308012 320.7851248 
0.216628571429 2148.91558 1940.485799 1724.736398 1503.371744 1279.078899 1060.984064 850.421852 651.307265 470.931111 315.6237294 
0.218314285714 2126.676832 1919.93564 1705.967781 1486.492714 1264.206076 1048.205599 839.781992 642.809783 464.497803 311.1673019 
0.220028571429 2104.489877 1899.43453 1687.245469 1469.656902 1249.372698 1035.463492 829.174717 634.340084 458.087476 306.7280244 
0.2217 2083.773706 1880.290328 1669.762416 1453.972884 1235.672935 1023.759646 819.496629 626.670947 452.319588 302.7749837 
0.223471428571 2062.356786 1860.498542 1651.688031 1437.768878 1221.548881 1011.710742 809.551001 618.804928 446.413814 298.7385254 
0.225228571429 2041.647818 1841.423626 1634.355555 1422.296148 1208.055604 1000.23602 800.114728 611.373833 440.859958 294.9633302 
0.226957142857 2021.812814 1823.229191 1617.928256 1407.711788 1195.328932 989.456216 791.293454 604.465813 435.72662 291.5000249 
0.2287 2002.21105 1805.242957 1601.687892 1393.296527 1182.757296 978.811554 782.586742 597.650403 430.665312 288.0866947 
0.230385714286 1984.074925 1788.494953 1586.535524 1379.89586 1171.202655 969.086475 774.685737 591.517563 426.156577 285.070044 
0.2322 1964.915288 1770.801641 1570.5284 1365.739221 1158.997 958.813625 766.340547 585.039665 421.394022 281.8838827 
0.233942857143 1946.83713 1754.264925 1555.626079 1352.558074 1147.610429 949.248041 758.586689 579.037165 416.999506 278.9447157 
0.235642857143 1929.509799 1738.506819 1541.460179 1340.027255 1136.772315 940.154425 751.225223 573.347824 412.844747 276.1668959 
0.237457142857 1911.361669 1721.987253 1526.605535 1326.890698 1125.416614 930.625885 743.51081 567.385112 408.491734 273.2528022 
0.239142857143 1894.854451 1706.877417 1512.997353 1314.87335 1115.059043 921.932893 736.465933 561.935528 404.520137 270.5743495 
0.240714285714 1879.720948 1693.025362 1500.521757 1303.856533 1105.564117 913.963288 730.007586 556.939733 400.879535 268.1191212 
0.2425 1862.751709 1677.500153 1486.516381 1291.458455 1094.866633 904.970857 722.705116 551.277489 396.74467 265.3110488 
0.244328571429 1845.626748 1661.839802 1472.365573 1278.901568 1084.020973 895.839854 715.274707 545.502741 392.520282 262.4227144 
0.246028571429 1829.984919 1647.535673 1459.44099 1267.432677 1074.115476 887.500152 708.488795 540.229116 388.662218 259.7852845 
0.247771428571 1813.992201 1632.822345 1446.125044 1255.614955 1063.873496 878.828083 701.381149 534.663255 384.572972 256.9423633 
0.249485714286 1798.518442 1618.583386 1433.237505 1244.17762 1053.96011 870.432815 694.498511 529.272324 380.611665 254.1871129 
0.251242857143 1782.838197 1604.158178 1420.186012 1232.586964 1043.879683 861.879767 687.471813 523.755169 376.547801 251.3489594 
0.252985714286 1767.369583 1589.936369 1407.326942 1221.151344 1033.863054 853.348328 680.432424 518.201313 372.436603 248.4546911 
0.254671428571 1752.654883 1576.40742 1395.094876 1210.273785 1024.336229 845.23432 673.738093 512.920485 368.528118 245.7036596 
0.256371428571 1737.898337 1562.846229 1382.805872 1199.31665 1014.746978 837.044166 666.958698 507.552878 364.540057 242.881044 
0.258142857143 1722.669823 1548.855259 1370.109041 1187.976727 1004.827761 828.557317 659.919309 501.967123 360.380153 239.927128 
0.259871428571 1708.05425 1535.427838 1357.924309 1177.094709 995.309854 820.41484 653.166668 496.609806 356.391063 237.0954572 
0.261442857143 1694.957138 1523.325769 1346.881767 1167.201903 986.677573 813.009813 647.006731 491.705935 352.722678 234.4914355 
0.263171428571 1680.7686 1510.203275 1334.898719 1156.461544 977.309557 804.971265 640.317545 486.379145 348.735646 231.6621314 
0.265 1666.00931 1496.55359 1322.434785 1145.289348 967.562869 796.608239 633.359104 480.838323 344.589119 228.7212151 
0.266714285714 1652.478646 1484.037863 1311.004653 1135.021643 958.535109 788.851294 626.897327 475.68612 340.7258414 225.9862703 
0.268457142857 1638.939407 1471.51459 1299.567661 1124.748107 949.503233 781.091948 620.434864 470.533917 336.8639015 223.2534178 
0.270128571429 1626.143106 1459.679375 1288.76762 1115.055613 940.984485 773.775072 614.342498 465.678752 333.2237797 220.6815695 
0.271828571429 1613.261055 1447.768014 1277.938081 1105.379583 932.487689 766.483578 608.277229 460.846568 329.5947025 218.1340056 
0.2736 1600.045951 1435.548982 1266.82934 1095.454535 923.773431 759.006521 602.058296 455.893305 325.8755535 215.5241186 
0.275271428571 1587.803252 1424.246789 1256.54963 1086.259048 915.699554 752.083066 596.305843 451.315627 322.439208 213.1183852 
0.277 1575.447706 1412.898977 1246.211267 1076.973352 907.545072 745.103702 590.52252 446.725944 318.9933614 210.7225302 
0.278814285714 1562.681246 1401.173522 1235.529561 1067.379642 899.121335 737.894185 584.549518 441.98637 315.4360741 208.2499118 
0.280442857143 1551.430846 1390.820067 1226.102549 1058.927093 891.706361 731.554516 579.301618 437.826123 312.3164548 206.0879142 
0.282157142857 1539.860427 1380.116409 1216.368895 1050.237874 884.101708 725.065985 573.942929 433.587672 309.143842 203.9051651 
0.283971428571 1527.80089 1368.960334 1206.224327 1041.181988 876.176693 718.305112 568.359918 429.172576 305.8396887 201.6324471 
0.285728571429 1516.309361 1358.331793 1196.57265 1032.58092 868.653674 711.89307 563.072573 424.997237 302.7166051 199.4903435 
0.2875 1504.920732 1347.801693 1187.042738 1024.12254 861.263396 705.607595 557.905621 420.930629 299.6771449 197.4191037 
0.289057142857 1495.050564 1338.675835 1178.783641 1016.79263 854.859243 700.161441 553.429128 417.407676 297.0445513 195.6253509 
0.290871428571 1483.72196 1328.218108 1169.316841 1008.385014 847.52213 693.92673 548.307795 413.379827 294.0365442 193.5783269 
0.2927 1472.510319 1317.93291 1159.996845 1000.086129 840.31227 687.816185 543.300338 409.449733 291.1073585 191.5935574 
0.294342857143 1462.58287 1308.825917 1151.744608 992.737697 833.928697 682.406389 538.867406 405.971027 288.5149988 189.8372259 
0.296028571429 1452.540516 1299.613623 1143.397703 985.306259 827.473437 676.937254 534.386797 402.45562 285.8961252 188.0632642 
0.297742857143 1442.520114 1290.42774 1135.081325 977.907749 821.052477 671.508936 529.949749 398.981716 283.3110714 186.3141014 
0.299557142857 1432.068218 1280.846378 1126.406512 970.190935 814.355402 665.847035 525.322336 395.359293 280.6159146 184.4906105 
0.301314285714 1422.092063 1271.700969 1118.126835 962.825696 807.96394 660.443756 520.906554 391.902882 278.0446494 182.7511546 
0.303014285714 1412.537112 1262.952068 1110.216569 955.803114 801.890096 655.311447 516.713379 388.622087 275.6069484 181.0990265 
0.304671428571 1403.346427 1254.536906 1102.608829 949.05013 796.051207 650.377392 512.682443 385.468888 273.2644299 179.5114167 
0.306457142857 1393.579159 1245.593867 1094.523633 941.873198 789.845651 645.134294 508.399059 382.118464 270.7758963 177.8250572 
0.308171428571 1384.322275 1237.125883 1086.874733 935.087972 783.978979 640.179659 504.349601 378.948115 268.4203438 176.221395 
0.309828571429 1375.488653 1229.04789 1079.581524 928.620364 778.38705 635.457921 500.490165 375.924913 266.1742426 174.6889396 
0.311528571429 1366.5463 1220.870427 1072.198106 922.07318 772.726521 630.678559 496.583395 372.86501 263.9013531 173.1384081 
0.313342857143 1357.12409 1212.259755 1064.42847 915.186083 766.770669 625.646063 492.466709 369.638752 261.5047092 171.4995198 
0.315142857143 1347.89053 1203.83053 1056.831363 908.456423 760.948587 620.719554 488.430628 366.471833 259.1516949 169.8829951 
0.316785714286 1339.575181 1196.239597 1049.989542 902.396299 755.705832 616.283192 484.7962 363.620474 257.0335327 168.4280577 
0.3185 1331.010471 1188.420912 1042.942607 896.154042 750.305983 611.714089 481.053727 360.684394 254.8527387 166.9303482 
0.3202 1322.622749 1180.775785 1036.063056 890.066478 745.035445 607.244799 477.381569 357.794276 252.7010311 165.4410422 
0.321928571429 1314.205186 1173.103561 1029.159495 883.957648 739.746385 602.759731 473.697063 354.894211 250.5421891 163.9467627 
0.323557142857 1306.375525 1165.967103 1022.738192 878.27551 734.827079 598.588165 470.269807 352.197202 248.5349531 162.5577499 
0.3253 1298.172337 1158.469809 1015.988638 872.300793 729.63646 594.183016 466.646012 349.340698 246.4071869 161.0810663 
0.327128571429 1289.758204 1150.757454 1009.04083 866.148059 724.27194 589.625575 462.891534 346.376492 244.1968606 159.5425055 
0.328785714286 1282.232098 1143.859038 1002.826356 860.644624 719.47337 585.54902 459.533907 343.725788 242.2207004 158.1672813 
0.330514285714 1274.479612 1136.753107 996.42529 854.975863 714.531083 581.3507 456.075781 340.9962283 240.186093 156.7516517 
0.332228571429 1266.864669 1129.789521 990.16554 849.444302 709.721537 577.257338 452.693801 338.3172611 238.1843107 155.3516286 
0.333957142857 1259.28334 1122.856805 983.932887 843.936751 704.932914 573.182155 449.327256 335.6508477 236.1923039 153.9587742 
0.335714285714 1251.674914 1115.898707 977.677939 838.409649 700.127141 569.092566 445.949049 332.9756192 234.1940888 152.5620096 
0.337428571429 1244.40057 1109.25171 971.693961 833.109613 695.515849 565.163501 442.700839 330.4011641 232.2681438 151.2146713 
0.339157142857 1237.222266 1102.699038 965.784414 827.861713 690.945374 561.263248 439.472523 327.8404976 230.348853 149.8706601 
0.340928571429 1229.958898 1096.068162 959.804209 822.551044 686.320362 557.31669 436.206477 325.2500587 228.4077131 148.5117627 
0.342728571429 1222.672549 1089.416706 953.805139 817.223568 681.680601 553.357784 432.930484 322.652211 226.4613596 147.1496411 
0.344342857143 1216.175786 1083.537686 948.503388 812.505603 677.597872 549.874619 430.043796 320.3575753 224.7407344 145.9451966 
0.346071428571 1209.295892 1077.319096 942.894995 807.513238 673.281217 546.192171 426.991439 317.9309875 222.9213252 144.6718777 
0.347857142857 1202.27674 1070.974282 937.173069 802.420031 668.877097 542.435292 423.877342 315.4558995 221.065901 143.3737942 
0.349614285714 1195.48877 1064.821548 931.623329 797.483918 664.602974 538.789202 420.855512 313.0542821 219.2653225 142.1144011 
0.351242857143 1189.40395 1059.237508 926.585688 793.017715 660.711296 535.467247 418.10328 310.8673484 217.6234501 140.9661743 
0.352942857143 1183.125678 1053.475794 921.387523 788.40951 656.695795 532.039648 415.263583 308.6114374 215.9300934 139.7823098 
0.354757142857 1176.50715 1047.401607 915.907412 783.551258 652.462489 528.426143 412.270222 306.2336242 214.1456702 138.5350932 
0.356514285714 1170.155819 1041.593245 910.674604 778.913555 648.422978 524.977964 409.413718 303.9647821 212.4433955 137.3472842 
0.358228571429 1164.005486 1035.996857 905.643823 774.456613 644.542962 521.665613 406.669375 301.7852572 210.8085546 136.2089015 
0.359942857143 1157.927183 1030.466325 900.671352 770.051464 640.707879 518.392021 403.957617 299.6316288 209.1934705 135.0846161 
0.361742857143 1151.621128 1024.728278 895.512975 765.480646 636.729079 514.995635 401.144331 297.3977384 207.5185329 133.9189992 
0.363385714286 1145.943792 1019.56064 890.866011 761.362931 633.143357 511.937447 398.61402 295.3910855 206.014032 132.8748043 
0.365071428571 1140.191339 1014.323716 886.155935 757.188278 629.5079 508.837756 396.05181 293.3610743 204.4921067 131.8205252 
0.366857142857 1134.168602 1008.840518 881.223938 752.817086 625.701286 505.592633 393.36955 291.2359835 202.8992147 130.7173343 
0.368585714286 1128.406888 1003.595019 876.505973 748.63523 622.059312 502.48814 390.803567 289.2033312 201.3759517 129.6626779 
0.370342857143 1122.63557 998.307331 871.753708 744.437596 618.399502 499.370956 388.230724 287.1685523 199.8525172 128.6096679 
0.372014285714 1117.215827 993.326971 867.279616 740.491381 614.957154 496.440021 385.813603 285.2583853 198.4232019 127.6226168 
0.373728571429 1111.719595 988.275953 862.741726 736.488914 611.465757 493.467583 383.362182 283.3213614 196.9740612 126.6221201 
0.375485714286 1106.149961 983.157364 858.142782 732.432939 607.927712 490.455357 380.878176 281.3587497 195.5060898 125.6088295 
0.377228571429 1100.705179 978.175632 853.640564 728.431158 604.450721 487.499383 378.443905 279.43867 194.0726585 124.6226359 
0.378885714286 1095.592421 973.506373 849.409316 724.658501 601.178501 484.719025 376.155752 277.6350388 192.7273782 123.6984567 
0.380614285714 1090.317767 968.688938 845.043955 720.765794 597.802009 481.850173 373.794883 275.7744696 191.3399089 122.7454655 
0.382357142857 1085.059577 963.885909 840.691628 716.884749 594.435464 478.990239 371.441217 273.9197314 189.9570358 121.79587 
0.384057142857 1079.927611 959.197785 836.456264 713.123754 591.180737 476.22806 369.171586 272.1334217 188.6261615 120.8842103 
0.385814285714 1074.644382 954.371089 832.103251 709.268091 587.849178 473.402426 366.851534 270.3093134 187.2678129 119.9551262 
0.387485714286 1069.673969 949.829769 828.007831 705.640523 584.714501 470.743833 364.668682 268.5932844 185.9901722 119.0814709 
0.389257142857 1064.463799 945.068929 823.714157 701.837339 581.427875 467.956615 362.380529 266.7945924 184.6512374 118.1660725 
0.390957142857 1059.530087 940.539957 819.631771 698.227264 578.298 465.305568 360.206938 265.0885447 183.3831321 117.2996202 
0.392685714286 1054.579911 935.973941 815.518172 694.59558 575.13897 462.632912 358.018941 263.3736476 182.1103963 116.4305268 
0.394428571429 1049.642769 931.41993 811.414863 690.9735 571.988172 459.967459 355.836775 261.6635525 180.8413992 115.5641774 
0.396171428571 1044.759478 926.914968 807.356144 687.390522 568.871331 457.330475 353.678276 259.9721509 179.5865337 114.7076378 
0.397914285714 1039.901569 922.455968 803.33344 683.829153 565.783302 454.719559 351.542415 258.2994428 178.3461085 113.8614911 
0.399571428571 1035.272784 918.253875 799.531628 680.443743 562.868145 452.257505 349.53072 256.7263419 177.1805945 113.0672746 
0.401271428571 1030.573684 913.987298 795.671849 677.00654 559.908055 449.758064 347.488498 255.1293682 175.9975875 112.2612932 
0.403057142857 1025.69005 909.55368 791.660464 673.433852 556.831688 447.160182 345.366357 253.4698999 174.7684813 111.4240988 
0.404842857143 1020.858552 905.165338 787.691268 669.900609 553.788249 444.590083 343.266854 251.8285763 173.5531294 110.5964055 
0.4065 1016.396808 901.080551 784.022197 666.664747 550.981823 442.222354 341.3348722 250.3202338 172.4378992 109.836832 
0.408257142857 1011.714515 896.793737 780.171336 663.269047 548.036482 439.737662 339.3075364 248.7374946 171.2678919 109.0400773 
0.410042857143 1007.00684 892.483599 776.299209 659.854482 545.07502 437.238907 337.269156 247.1463176 170.0918135 108.2393781 
0.411728571429 1002.609237 888.456779 772.681931 656.664582 542.308382 434.904792 335.3649229 245.6599957 168.9934246 107.491741 
0.413414285714 998.205803 884.447795 769.077344 653.479141 539.560609 432.591257 333.4791432 244.1885257 167.9069378 106.7520615 
0.415185714286 993.598627 880.265596 765.31532 650.151698 536.697588 430.183054 331.5174233 242.658094 166.7775417 105.9831927 
0.416985714286 988.966755 876.060759 761.532716 646.805733 533.818789 427.76216 329.5451047 241.1195675 165.6423489 105.2105166 
0.418642857143 984.74614 872.229106 758.085909 643.756463 531.195525 425.555641 327.747819 239.7176922 164.6081353 104.5067492 
0.420357142857 980.427084 868.30107 754.554381 640.635849 528.506748 423.294242 325.9060805 238.2816541 163.5490885 103.785969 
0.422028571429 976.271296 864.498572 751.142217 637.631855 525.906808 421.106931 324.1255332 236.8944935 162.5268456 103.0896104 
0.423785714286 971.945723 860.540695 747.591138 634.50541 523.200538 418.83044 322.2723385 235.4509094 161.4631683 102.3651944 
0.425557142857 967.629754 856.591736 744.047605 631.385139 520.500099 416.558408 320.4231569 234.0105838 160.4020978 101.6426649 
0.4272 963.666732 852.965197 740.793221 628.519717 518.020209 414.471939 318.7250668 232.6880787 159.4279435 100.9795087 
0.428957142857 959.413532 849.100616 737.335438 625.476964 515.390085 412.261304 316.9260318 231.2867865 158.3961995 100.2770447 
0.430728571429 955.14181 845.232605 733.879027 622.436612 512.764077 410.054442 315.1303582 229.8881011 157.3667193 99.5761585 
0.4324 951.150662 841.618757 730.650025 619.595886 510.310255 407.992669 313.4527109 228.5814426 156.4051188 98.9216116 
0.434071428571 947.197587 838.039209 727.451207 616.781914 507.879757 405.950447 311.7909788 227.2873379 155.4529165 98.2735817 
0.435757142857 943.248971 834.463091 724.25479 613.97 505.451317 403.90994 310.1309274 225.9946395 154.5018804 97.6265122 
0.437514285714 939.197455 830.758348 720.920487 611.032891 502.941243 401.802891 308.417025 224.6599922 153.5201801 96.9576965 
0.439285714286 935.153485 827.060465 717.591672 608.10127 500.435285 399.699615 306.7062782 223.3279517 152.5405378 96.2904243 
0.441 931.277928 823.516589 714.401772 605.291414 498.033942 397.684147 305.0668411 222.0515458 151.6019869 95.6513124 
0.442728571429 927.407859 819.977515 711.215988 602.485331 495.635686 395.67108 303.4295992 220.7769921 150.6649109 95.0133324 
0.444457142857 923.562143 816.463823 708.065876 599.719036 493.261097 393.677907 301.8087184 219.5152323 149.7374046 94.381595 
0.446157142857 919.794631 813.026963 705.006316 597.046723 490.949963 391.737556 300.2308841 218.2870179 148.8347658 93.7661844 
0.4479 915.968466 809.536595 701.899079 594.332907 488.602471 389.767021 298.6285939 217.0399042 147.9183384 93.1415471 
0.449614285714 912.240742 806.136093 698.871418 591.68872 486.31569 387.846907 297.067498 215.8249639 147.0256809 92.5332709 
0.451414285714 908.364499 802.599763 695.723021 588.938546 483.936985 385.850304 295.4440447 214.5616263 146.0976601 91.9009847 
0.453114285714 904.721839 799.311765 692.789342 586.359872 481.713659 383.983698 293.9264755 213.3809517 145.2301788 91.3102015 
0.454814285714 901.101817 796.067328 689.890306 583.800749 479.511599 382.134585 292.4235524 212.2119391 144.3712039 90.7253179 
0.456614285714 897.304807 792.664425 686.849268 581.116774 477.201837 380.195606 290.8472616 210.9859199 143.4705202 90.1122054 
0.458342857143 893.693703 789.427534 683.956749 578.563482 475.004579 378.350952 289.3478371 209.8198571 142.6140149 89.5292769 
0.460042857143 890.174523 786.273306 681.138318 576.075017 472.863573 376.553289 287.88676 208.6836696 141.7795645 88.961509 
0.461714285714 886.755499 783.168813 678.364134 573.643833 470.781563 374.805704 286.4660197 207.5783864 140.9680608 88.4091761 
0.463471428571 883.19756 779.921975 675.463383 571.108034 468.613803 372.987118 284.9871409 206.4277586 140.1234233 87.8343424 
0.465242857143 879.644423 776.679596 672.566405 568.575665 466.44913 371.17059 283.5101829 205.2787429 139.2800549 87.2605377 
0.467028571429 876.096431 773.441676 669.6732 566.046726 464.286858 369.356463 282.0352486 204.1313736 138.4380928 86.687762 
0.468685714286 872.833472 770.464093 667.012549 563.720843 462.298487 367.688111 280.6788894 203.0763742 137.6640104 86.1613256 
0.470357142857 869.576687 767.517723 664.386884 561.419313 460.31629 366.024218 279.3263375 202.0245647 136.892329 85.6363641 
0.472114285714 866.185103 764.457477 661.662092 559.028946 458.252459 364.291725 277.9183225 200.9296744 136.0891259 85.090068 
0.473871428571 862.824732 761.425014 658.961996 556.660188 456.207493 362.575353 276.5231014 199.8449026 135.2934688 84.5489855 
0.475557142857 859.629687 758.542099 656.394984 554.40805 454.263026 360.943016 275.1965489 198.8135702 134.5371538 84.0347942 
0.477242857143 856.462768 755.684223 653.850267 552.175463 452.335366 359.325085 273.8814869 197.791293 133.7875616 83.5252677 
0.479085714286 853.040314 752.593793 651.089803 549.749081 450.252327 357.577157 272.4610896 196.6870731 132.9781502 82.9748899 
0.480757142857 849.967034 749.818237 648.606826 547.5652 448.382291 356.008275 271.1859871 195.695906 132.2517448 82.4809699 
0.482442857143 846.89444 747.043367 646.124535 545.381319 446.512255 354.439393 269.9109875 194.7048418 131.5255452 81.98729 
0.484171428571 843.771425 744.222535 643.600741 543.161423 444.611006 352.844443 268.6148934 193.6975194 130.7875121 81.4856868 
0.485942857143 840.599361 741.357456 641.037845 540.906541 442.679916 351.224454 267.2984594 192.6744533 130.0380571 80.9764004 
0.487671428571 837.534656 738.589789 638.563443 538.730892 440.816397 349.661403 266.0289821 191.6886027 129.3157677 80.4858075 
0.489328571429 834.623615 735.961723 636.214579 536.666375 439.047889 348.177928 264.8249149 190.7540992 128.6310368 80.0208367 
0.4911 831.539016 733.176563 633.725771 534.478721 437.173394 346.605959 263.5488863 189.7638239 127.9055232 79.5282887 
0.492828571429 828.555602 730.482984 631.318254 532.362411 435.360296 345.08544 262.3145665 188.8059964 127.2039167 79.0520675 
0.494542857143 825.622609 727.834338 628.950868 530.281773 433.577382 343.58996 261.1009296 187.8642899 126.514178 78.584044 
0.496228571429 822.765076 725.248461 626.644536 528.259788 431.841459 342.1343709 259.9196376 186.9476567 125.8430985 78.1285743 
0.497971428571 819.841687 722.588839 624.28401 526.204189 430.06712 340.6478775 258.7136153 186.0117812 125.158299 77.6635349 
0.499728571429 816.920013 719.930589 621.924513 524.149276 428.293467 339.1620015 257.5081761 185.0763859 124.4739797 77.1989071 
0.501457142857 814.070712 717.338195 619.623326 522.14547 426.563718 337.7127236 256.332475 184.1641431 123.8066732 76.7459413 
0.503142857143 811.315393 714.831208 617.398285 520.207177 424.890907 336.3111227 255.19543 183.2820157 123.1614902 76.3080675 
0.504842857143 808.560074 712.324221 615.172558 518.268884 423.21741 334.9092817 254.0582135 182.3997511 122.5163072 75.8702966 
0.506628571429 805.723121 709.743489 612.861767 516.240382 421.48183 333.455339 252.8795283 181.4863421 121.8485548 75.4175709 
0.508342857143 803.025083 707.288981 610.662451 514.308606 419.830285 332.0717113 251.7578497 180.6172487 121.2132845 74.9869687 
0.510085714286 800.305436 704.814579 608.444956 512.361395 418.16502 330.676696 250.6269444 179.7410895 120.5729035 74.5530051 
0.511814285714 797.630722 702.381337 606.264505 510.446083 416.527195 329.3045588 249.514664 178.8793706 119.9432241 74.1263474 
0.513571428571 794.935085 699.928544 604.066218 508.515336 414.875993 327.921377 248.393397 178.0107917 119.3085712 73.6964655 
0.5153 792.291241 697.535433 601.926241 506.635696 413.269038 326.5754107 247.3028285 177.1664629 118.6919944 73.2789659 
0.516985714286 789.722514 695.21984 599.85898 504.820883 411.716963 325.276161 246.2505388 176.352078 118.0975754 72.8766269 
0.518742857143 787.067008 692.826386 597.72209 502.944673 410.112752 323.9328701 245.1625428 175.5101845 117.4831252 72.460808 
0.520457142857 784.498281 690.51045 595.654486 501.129517 408.560334 322.6330373 244.1098072 174.6955595 116.8886719 72.0586405 
0.522214285714 781.887022 688.156441 593.552925 499.283834 406.981848 321.3115269 243.03951 173.8674546 116.2844431 71.6499217 
0.5239 779.402673 685.916651 591.552892 497.527674 405.479851 320.0539517 242.0210401 173.0794807 115.7095751 71.2611312 
0.525642857143 776.852125 683.618551 589.513414 495.746475 403.950071 318.7702056 240.9818187 172.2771008 115.1247601 70.8654121 
0.527414285714 774.281683 681.302272 587.457472 493.95087 402.4076 317.475998 239.9341938 171.4682725 114.5353146 70.466606 
0.529085714286 771.875881 679.134169 585.533242 492.270513 400.963913 316.2646249 238.9535911 170.7112372 113.983702 70.0934906 
0.530814285714 769.407996 676.910157 583.559277 490.546252 399.482839 315.0216272 237.9474006 169.9345137 113.4177863 69.7107712 
0.532528571429 766.980242 674.722503 581.617211 488.849774 398.025432 313.7986607 236.9574683 169.1703783 112.8611316 69.334363 
0.534271428571 764.535681 672.519414 579.657995 487.135803 396.555677 312.566982 235.9612591 168.4016467 112.301287 68.9558282 
0.536 762.136739 670.358171 577.729649 485.443441 395.109589 311.3583186 234.9851154 167.6488646 111.7533788 68.5851824 
0.5377 759.796793 668.24975 575.847951 483.792582 393.698487 310.1789474 234.0326044 166.9143644 111.218779 68.2236261 
0.5394 757.475026 666.157793 573.981345 482.154071 392.298018 309.0086657 233.0874679 166.185558 110.6884324 67.8650196 
0.541171428571 755.075398 663.995521 572.051627 480.46068 390.850558 307.7987675 232.1103295 165.4321242 110.1402155 67.4944081 
0.5429 752.752945 661.902878 570.183649 478.82114 389.449403 306.6274911 231.1643698 164.702769 109.6095945 67.1357673 
0.544585714286 750.502865 659.865801 568.369522 477.233393 388.086321 305.4929843 230.250755 163.9993446 109.0983873 66.790332 
0.546314285714 748.211625 657.785506 566.519037 475.61752 386.694427 304.3378289 229.3222883 163.28515 108.5797713 66.4400261 
0.548014285714 745.975951 655.755289 564.713142 474.040063 385.33649 303.2104565 228.4161509 162.5882083 108.0737091 66.0982609 
0.5498 743.646638 653.640008 562.831101 472.396407 383.920586 302.0354414 227.4717347 161.8618029 107.5463466 65.7421926 
0.551485714286 741.464815 651.65884 561.068424 470.85668 382.594891 300.9347887 226.5870691 161.1814281 107.0524609 65.4087623 
0.5532 739.263441 649.659493 559.289626 469.30289 381.256505 299.8238803 225.6941715 160.4947421 106.5540133 65.0723479 
0.554942857143 737.046975 647.644368 557.489562 467.729892 379.919834 298.7093704 224.7966777 159.8051063 106.0540222 64.7349045 
0.556642857143 734.903225 645.694413 555.745064 466.205257 378.631183 297.6328992 223.9290935 159.1387259 105.5711125 64.4089859 
0.558385714286 732.722774 643.711187 553.970382 464.654211 377.320237 296.5375973 223.046383 158.4607178 105.0798679 64.077545 
0.560085714286 730.612295 641.791416 552.252638 463.152557 376.050794 295.4772814 222.1918671 157.8044216 104.604367 63.7567714 
0.561871428571 728.412979 639.790354 550.461835 461.587448 374.727843 294.3719639 221.3010618 157.1202738 104.1087663 63.4224836 
0.563614285714 726.283292 637.852747 548.72797 460.071731 373.446395 293.3014266 220.4383139 156.4576664 103.6288064 63.0988288 
0.565314285714 724.200596 635.975851 547.05413 458.606092 372.199247 292.2637487 219.6051326 155.8195149 103.1671284 62.7874191 
0.567042857143 722.093204 634.080776 545.36657 457.127762 370.938379 291.2160552 218.7648169 155.1763556 102.7020547 62.4737113 
0.568814285714 719.95014 632.154145 543.650541 455.624393 369.656245 290.1504914 217.9101638 154.5222203 102.229092 62.1547556 
0.5705 717.92644 630.33453 542.029523 454.204373 368.445455 289.1439922 217.1029133 153.9044087 101.7824374 61.8536016 
0.584977142857 701.159914 615.151978 528.528357 442.418893 358.343419 280.7758898 210.4035745 148.7825955 98.0907627 59.3674004 
0.610337142857 673.798804 590.455978 506.542743 423.23799 342.0904326 267.3117678 199.6462713 140.5928874 92.2148297 55.422283 
0.636371428571 647.931459 567.083958 485.848867 405.299776 326.8754671 254.7654452 189.6697047 133.0375921 86.833537 51.8254821 
0.661508571429 624.890777 546.327656 467.455835 389.341701 313.40253 243.7069537 180.912949 126.4360426 82.1626316 48.7229442 
0.686372857143 603.516046 527.186198 450.582293 374.756655 301.1020012 233.6575682 172.9853958 120.4819742 77.9754248 45.9591531 
0.711527142857 583.471126 509.174582 434.714427 361.088448 289.6290628 224.2927078 165.6131253 114.965368 74.1169835 43.4303513 
0.737032857143 564.320407 492.118564 419.729786 348.189933 278.8545753 215.5288177 158.7325796 109.8305208 70.5407626 41.1037137 
0.759634285714 548.440879 477.894697 407.28163 337.560706 270.0084338 208.3260235 153.0822377 105.6255123 67.6235133 39.2168364 
0.784234285714 532.051996 463.353212 394.569364 326.6795112 260.9683258 201.0127147 147.3689896 101.3831854 64.6867816 37.3289644 
0.810284285714 515.687466 448.84294 381.96823 315.9669352 252.0459354 193.8257671 141.7737335 97.2379618 61.8210852 35.4986478 
0.834098571429 501.589823 436.345049 371.120855 306.7697675 244.4456042 187.711895 137.0238352 93.7286945 59.3998139 33.95671188 
0.859834285714 487.183823 423.60843 360.096149 297.4532358 236.7837731 181.5582349 132.2517105 90.2101319 56.9752498 32.41969801 
0.886047142857 473.159239 411.33589 349.524546 288.5433649 229.4972183 175.7229474 127.7410547 86.8944538 54.6928592 30.97815133 
0.911321428571 460.449717 400.168839 339.891391 280.4313806 222.8816744 170.456937 123.6894701 83.9251371 52.651186 29.69103697 
0.935058571429 448.990087 390.133002 331.3010589 273.254723 217.0332843 165.81992 120.1373621 81.3309595 50.8674488 28.56906682 
0.959222857143 437.856993 380.394889 322.9700005 266.3086643 211.4117887 161.3690834 116.7364142 78.8554256 49.1689471 27.50287533 
0.984582857143 426.642265 370.613215 314.6247419 259.3703917 205.8153664 156.970177 113.3926444 76.4282547 47.5047797 26.45893082 
1.00943 416.180079 361.471922 306.8353834 252.9048417 200.5870174 152.8899519 110.3118527 74.2032823 45.9830602 25.5055486 
1.03436285714 406.08456 352.690436 299.3740701 246.7296755 195.621818 149.0169331 107.3967643 72.1073122 44.5504178 24.61027744 
1.06006428571 396.014423 343.935018 291.9475713 240.6200909 190.784832 145.2466085 104.5656766 70.0802165 43.1697399 23.74758099 
1.08482571429 386.765085 335.8940004 285.1292458 234.99616 186.2828541 141.7801476 101.9859736 68.2416679 41.9214257 22.96927626 
1.10924571429 377.899221 328.2214334 278.6549836 229.6843591 182.055482 138.5248032 99.5697444 66.5276283 40.7610224 22.24731614 
1.13469142857 368.992197 320.5421093 272.1710831 224.3626455 177.8546581 135.2928514 97.1785199 64.8394509 39.621302 21.54017705 
1.15945285714 360.67136 313.3105374 266.0620816 219.3582755 173.8852906 132.2709185 94.9620539 63.2838773 38.5761467 20.89269252 
1.18404428571 352.640358 306.3678744 260.1914994 214.5471517 170.1165095 129.4009689 92.8617963 61.8170035 37.5946179 20.28624108 
1.20889142857 344.815499 299.5771261 254.4628163 209.8660592 166.4244232 126.6094634 90.831545 60.4058672 36.6556897 19.70702727 
1.23314 337.3869765 293.1822341 249.0827241 205.4672557 162.9548067 123.9891149 88.9319424 59.0918685 35.7854301 19.17254752 
1.25867142857 329.8222144 286.6424589 243.5832679 200.9878472 159.4371702 121.3350495 87.0137149 57.7715243 34.9148275 18.64000229 
1.28420142857 322.5046867 280.3278632 238.2557233 196.637098 156.0506969 118.7817918 85.173417 56.5108278 34.08725082 18.1361593 
1.30947571429 315.5063891 274.2621483 233.1422107 192.4700596 152.7950781 116.338397 83.4207213 55.3160902 33.30792395 17.66306626 
1.33509142857 308.5848206 268.2919246 228.1161974 188.3681912 149.5797618 113.9392835 81.7099059 54.1563043 32.55586215 17.20840604 
1.35942571429 302.2168884 262.7898959 223.4896076 184.5998903 146.6234791 111.734308 80.1409896 53.0971889 31.87299031 16.79774586 
1.38410285714 295.941429 257.3573933 218.9217737 180.8885274 143.7278731 109.5705611 78.602909 52.0631811 31.20963517 16.40099433 
1.40937714286 289.6897395 251.941732 214.3637839 177.1836472 140.8421455 107.4187506 77.0778624 51.0425503 30.55952669 16.01417951 
1.4741 274.5215249 238.8347759 203.3128041 168.1670004 133.8090677 102.1977761 73.3957574 48.5922612 29.01169803 15.10137419 
1.51927142857 264.592601 230.2223203 196.0317716 162.2254858 129.1984274 98.7679476 70.9852906 47.0037596 28.02053779 14.52439674 
1.56845714286 254.2675464 221.2947849 188.51623 156.102387 124.4083981 95.2317891 68.5104084 45.3763618 27.01545518 13.94543332 
1.62052857143 243.9666047 212.359532 180.974346 149.9578507 119.633598 91.6791666 66.0235898 43.7545892 26.02338942 13.38033396 
1.66818571429 235.0768679 204.632771 174.4406419 144.6171349 115.4505072 88.5865071 63.8688981 42.354669 25.17474568 12.90224341 
1.71975714286 225.8981879 196.6811392 167.7122853 139.1120192 111.1626299 85.4041188 61.6488306 40.9169502 24.31106139 12.42236583 
1.7721 217.1218812 189.0528535 161.261107 133.8377768 107.0307147 82.3411288 59.5150962 39.5385018 23.48900701 11.9700483 
1.82255714286 209.0720828 182.0576772 155.333381 128.9796277 103.2270505 79.5180673 57.5500835 38.274341 22.74200446 11.56410437 
1.8702 201.846925 175.7883575 150.0221632 124.6251398 99.8179735 76.9849094 55.7865833 37.1416864 22.0755829 11.20516859 
1.91852857143 194.8712997 169.728405 144.8827884 120.40329 96.4971504 74.5114678 54.0645175 36.0387699 21.43089725 10.86252874 
1.96917142857 187.9153969 163.6882093 139.7596375 116.1962921 93.1970445 72.0500998 52.3479397 34.9388718 20.7908421 10.52483152 
2.01885714286 181.4390767 158.0488434 134.9686135 112.2550163 90.0921056 69.7369421 50.7353252 33.90619827 20.19356248 10.21284901 
2.06872857143 175.2425073 152.650092 130.3795479 108.4798554 87.1225488 67.5124842 49.1820497 32.91428686 19.62199757 9.91706982 
2.12012857143 169.1599168 147.3528 125.8763695 104.7727457 84.2021096 65.3279515 47.6555968 31.93782074 19.06088387 9.62876803 
2.16974285714 163.563666 142.4741395 121.7378344 101.3732384 81.5143616 63.3048689 46.2395899 31.03461942 18.54347523 9.36550181 
2.2184 158.3461901 137.9161154 117.8510956 98.1621067 78.9717712 61.4028996 44.9091272 30.18305332 18.0576809 9.11994468 
2.26947142857 153.1034351 133.350511 113.9644597 94.9541649 76.4362466 59.490263 43.5667624 29.32566651 17.56923861 8.87490891 
2.3189 148.2518716 129.1298274 110.3697511 91.9835105 74.086285 57.7202801 42.3234217 28.52964583 17.11675987 8.64894737 
2.36817142857 143.6397564 125.1168303 106.9503498 89.1543779 71.8421389 56.0262374 41.1320455 27.76689958 16.68352 8.43453121 
2.41778571429 139.201405 121.248442 103.6558005 86.4339077 69.6892308 54.3993541 39.9840245 27.0289831 16.26511831 8.22795603 
2.46628571429 135.0452054 117.6246127 100.556967 83.862471 67.6530113 52.8569517 38.8965773 26.3325559 15.87099073 8.03494993 
2.51742857143 130.8701751 113.9681298 97.4351868 81.2783776 65.5943253 51.2948268 37.7935922 25.62532763 15.47078519 7.83994757 
2.5684 126.8667134 110.4793396 94.4592845 78.812139 63.6301358 49.8058981 36.7405822 24.94790949 15.08751013 7.65393867 
2.61895714286 123.0819828 107.1759409 91.6376293 76.4716442 61.766411 48.3844375 35.7328825 24.3006239 14.72186527 7.47711874 
2.6701 119.4102364 103.9659068 88.8998719 74.2040369 59.9524898 47.0055432 34.7546808 23.66963767 14.36514527 7.30560502 
2.71885714286 116.0501398 101.038196 86.3947714 72.1213066 58.2980293 45.7423771 33.85627462 23.08997796 14.03729901 7.14831894 
2.7682 112.7799435 98.1892723 83.9597458 70.0980868 56.6867868 44.5106298 32.97922019 22.52360607 13.71695416 6.99524833 
2.81884285714 109.5621919 95.3809598 81.5633077 68.1102646 55.0966731 43.2923624 32.1103223 21.96196415 13.39945964 6.84390644 
2.86777142857 106.5881761 92.7794763 79.3390556 66.2625236 53.6177257 42.1600165 31.30195705 21.43831291 13.10321054 6.70301576 
2.91737142857 103.6857444 90.2488566 77.1737309 64.4589953 52.1731126 41.0556251 30.51266603 20.92531182 12.81256949 6.56518464 
2.96842857143 100.8103068 87.7324028 75.0223663 62.6722054 50.7421852 39.9558642 29.72540214 20.41452651 12.52314266 6.42830706 
3.0177 98.1386798 85.4055251 73.0308054 61.0141434 49.4207777 38.9393837 28.99545698 19.93884725 12.25320166 6.3009786 
3.06602857143 95.6295319 83.2086101 71.1528461 59.4519156 48.1603213 37.9680763 28.29878968 19.48610097 11.99623292 6.17994076 
3.11657142857 93.082654 80.9894344 69.2536894 57.870274 46.8965378 36.9933389 27.59715231 19.0279936 11.73605713 6.05758237 
3.16704285714 90.6424148 78.8647895 67.4350348 56.3535966 45.6810144 36.0551653 26.92095182 18.58563679 11.48427455 5.93926452 
3.21537142857 88.4012871 76.9020749 65.7543005 54.9542595 44.5572778 35.1843226 26.29283307 18.17543623 11.2506058 5.82956626 
3.26642857143 86.1171129 74.900224 64.0400208 53.5273109 43.4109032 34.29480698 25.65054156 17.75566597 11.01127069 5.7173984 
3.31681428571 83.9343981 72.998975 62.4121771 52.1686879 42.3190999 33.45064625 25.0402005 17.35465438 10.78224959 5.61020404 
3.36564285714 81.9030492 71.2217548 60.8879537 50.8963637 41.2962053 32.66243911 24.46963029 16.97797864 10.5670068 5.50921455 
3.41611428571 79.8728322 69.4544473 59.3752208 49.6318256 40.2739967 31.86952258 23.895095 16.59981771 10.35025824 5.40798496 
3.46605714286 77.9315894 67.7595814 57.9259429 48.4244999 39.3011115 31.11182872 23.34467604 16.23718782 10.14211555 5.31065871 
3.51524285714 76.0879987 66.1473785 56.5461911 47.274661 38.3740511 30.3896285 22.81973512 15.89102193 9.94320299 5.21758566 
3.5652 74.2836815 64.5704017 55.1941194 46.1440644 37.4596131 29.67878158 22.30335891 15.55013138 9.74710646 5.1258606 
3.61582857143 72.5017965 63.0206591 53.8679099 45.0366203 36.5681904 28.9854208 21.79742705 15.21391592 9.55345209 5.03528802 
3.66602857143 70.8011682 61.5358121 52.5954142 43.973972 35.7126112 28.3171539 21.30967076 14.89053895 9.36668859 4.94792592 
3.71547142857 69.1871131 60.1250874 51.3843498 42.9608872 34.8967171 27.68012401 20.8443844 14.58152682 9.18791699 4.86423049 
3.7644 67.6461856 58.7786066 50.2263818 41.9900257 34.11454676 27.0707605 20.39890629 14.28465689 9.01595737 4.78362206 
3.81477142857 66.0961686 57.4311654 49.0737303 41.0260242 33.33360436 26.45862212 19.95111636 13.98717299 8.84315397 4.70274952 
3.86567142857 64.5862483 56.1144227 47.9459806 40.0837003 32.57267601 25.86218971 19.51365759 13.69529371 8.67338269 4.62311864 
3.91434285714 63.1906842 54.8952292 46.9010311 39.2107996 31.86837353 25.31048793 19.10842367 13.42410762 8.5154552 4.54893117 
3.9636 61.8187528 53.696993 45.8742263 38.3519619 31.17223102 24.76663399 18.70926085 13.15662593 8.35946223 4.47564922 
4.0139 60.4663381 52.5158382 44.8620676 37.5054379 30.48607324 24.22853216 18.31342856 12.89106847 8.20410381 4.40260737 
4.06341428571 59.1776528 51.3904552 43.8977917 36.698942 29.83231867 23.71498913 17.93520932 12.63710441 8.05525896 4.33255305 
4.11422857143 57.8931178 50.2689824 42.9369115 35.895293 29.18081761 23.20300332 17.55787502 12.38348335 7.90643469 4.26238554 
4.16408571429 56.6693967 49.2008804 42.0218561 35.1299571 28.56028602 22.71517157 17.19801314 12.14120873 7.76391819 4.19507522 
4.21344285714 55.4933183 48.1754476 41.1432616 34.3947709 27.96475913 22.24647236 16.85190213 11.90795501 7.62647809 4.13008015 
4.26348571429 54.3337725 47.1685368 40.2797591 33.67089684 27.38082564 21.78509277 16.51032901 11.67748302 7.49036883 4.06558243 
4.31394285714 53.2026957 46.1833722 39.4339554 32.96125728 26.80635895 21.33364989 16.17633276 11.45126766 7.35645477 4.00211028 
4.3639 52.117821 45.2367265 38.6208739 32.27886907 26.25281526 20.89978919 15.85539109 11.23340435 7.22726382 3.94084705 
4.4129 51.0818238 44.3329558 37.8470659 31.63184759 25.72797038 20.48454653 15.54732564 11.02477803 7.1032899 3.88177216 
4.46294285714 50.0561166 43.4365253 37.0789517 30.98961096 25.20696024 20.07304257 15.24181897 10.81733163 6.97986478 3.82289964 
4.51365714286 49.0493773 42.5541235 36.3221222 30.3568034 24.69354412 19.66857697 14.94126179 10.61248174 6.85779451 3.76458964 
4.56387142857 48.0788245 41.7069135 35.5966429 29.75021476 24.20141115 19.27803031 14.65053156 10.41480398 6.73969275 3.70801179 
4.61287142857 47.1575265 40.903779 34.9090651 29.17521985 23.73490371 18.90720272 14.37431366 10.22700805 6.62732595 3.65410591 
4.66188571429 46.2589694 40.1205728 34.23673022 28.611002 23.27707417 18.54630498 14.10579611 10.04344474 6.51704116 3.60106096 
4.71132857143 45.3785913 39.3532475 33.57810162 28.05834668 22.82861539 18.19222265 13.84203254 9.86297872 6.40850224 3.54879119 
4.76118571429 44.5173869 38.6027292 32.93400936 27.51796733 22.39011047 17.84486998 13.58269024 9.68530815 6.30148281 3.49714568 
4.81148571429 43.6710001 37.8652449 32.30226853 26.98869089 21.95935049 17.50354382 13.32775206 9.51050506 6.19600345 3.4460867 
4.86185714286 42.8455363 37.1461111 31.68710146 26.47383417 21.53941559 17.1707172 13.07907706 9.33987285 6.09289079 3.396048831 
4.91207142857 42.0473067 36.4480718 31.08915299 25.9734349 21.13131762 16.84724076 12.83730322 9.17381283 5.99223744 3.347084552 
4.96151428571 41.2827254 35.7789131 30.5157839 25.49362249 20.74002322 16.53705557 12.60541464 9.01445846 5.89553202 3.299988251 
5.01205714286 40.5196533 35.1144535 29.94586539 25.01564513 20.35216568 16.22965211 12.37488091 8.8551624 5.79852819 3.252543462 
5.06158571429 39.7911213 34.4801779 29.40190169 24.55944827 19.98199665 15.93606126 12.15465433 8.70300074 5.70578442 3.207121344 
5.11067142857 39.0861191 33.86647544 28.87566423 24.11818563 19.62394581 15.65096309 11.94077325 8.55556905 5.61572977 3.162832155 
5.16148571429 38.3756975 33.24809103 28.34546512 23.6736199 19.26320585 15.36373146 11.72509485 8.40664874 5.52464612 3.117971185 
5.2116 37.6948768 32.65559969 27.83753357 23.24776482 18.9176505 15.08859401 11.51801546 8.26307237 5.43659802 3.074473297 
5.2613 37.0361796 32.0823678 27.3461552 22.83564003 18.58265612 14.82224422 11.31766573 8.1240922 5.35123561 3.032237649 
5.3115 36.3864347 31.51698032 26.8615648 22.42890377 18.2509614 14.55922496 11.12007372 7.9869265 5.26678901 2.990358035 
5.36188571429 35.7514731 30.96454795 26.38813905 22.03178523 17.92775936 14.30207786 10.92654626 7.85251852 5.18388591 2.949121546 
5.4114 35.1442259 30.43628336 25.93550253 21.6524581 17.6199786 14.05594792 10.74081519 7.72345448 5.10408353 2.909262888 
5.46041428571 34.5570099 29.92550834 25.49789627 21.28556815 17.32170237 13.81822491 10.56151537 7.59858876 5.0267679 2.870568715 
5.51002857143 33.97601592 29.42018359 25.06500969 20.92238946 17.0255596 13.58342083 10.38456167 7.47495098 4.95006967 2.832083772 
5.55988571429 33.40685544 28.92437709 24.64049231 20.56670189 16.73553938 13.35277391 10.21060579 7.35351869 4.87461653 2.794155175 
5.6095 32.85522912 28.44242779 24.22819602 20.22210008 16.45457779 13.12807461 10.04092026 7.23527973 4.80096757 2.757032628 
5.65995714286 32.3071014 27.96425149 23.81902446 19.87977236 16.17548898 12.9051692 9.87256214 7.11779194 4.72768905 2.720004406 
5.71051428571 31.76998055 27.49735303 23.41922709 19.54446242 15.90215571 12.68756657 9.70817596 7.00270858 4.6557448 2.683458785 
5.75952857143 31.26167513 27.05553816 23.04093582 19.22721143 15.64354743 12.4815299 9.55245053 6.89364144 4.58749809 2.648741697 
5.80904285714 30.76153654 26.62088856 22.66884599 18.91520148 15.38924037 12.27824066 9.39851213 6.7857405 4.51981047 2.614181703 
5.85917142857 30.26677276 26.19085917 22.30070409 18.60652549 15.13764644 12.07715348 9.24622699 6.67895431 4.45278484 2.579927665 
5.90885714286 29.7892756 25.77399755 21.94328094 18.30689784 14.89346474 11.88275823 9.09899081 6.57530657 4.38748107 2.546383294 
5.9583 29.32467867 25.36843092 21.59556812 18.0154233 14.65592695 11.69364861 8.95574372 6.47444399 4.32390259 2.513700882 
6.00892857143 28.85868573 24.96334106 21.24800279 17.72356803 14.41905458 11.50440865 8.81213648 6.37329329 4.26002227 2.480699823 
6.0594 28.40435822 24.56872299 20.90939319 17.43915243 14.18839737 11.32001185 8.67214789 6.27466364 4.19768545 2.448448562 
6.109 27.96699892 24.18888136 20.58473683 17.16727348 13.96655869 11.14282834 8.53765073 6.17978641 4.13757813 2.417242422 
6.15852857143 27.53932251 23.81748439 20.26799348 16.90248777 13.74975868 10.9697574 8.4062783 6.08704264 4.07872962 2.38662144 
6.20874285714 27.11574495 23.44967863 19.95366828 16.63929701 13.53505783 10.7982574 8.27601719 5.99501574 4.02024126 2.356107474 
6.258 26.71021262 23.09758913 19.65168422 16.38575827 13.32951508 10.63390209 8.15104514 5.9066315 3.96392066 2.326612561 
6.30675714286 26.31722037 22.75635901 19.35907092 16.14012911 13.13032812 10.4746369 8.02993527 5.82095696 3.90930134 2.297984409 
6.35764285714 25.91741957 22.4076412 19.06127489 15.89128947 12.92662385 10.31193828 7.90625633 5.73335476 3.85330316 2.268455539 
6.4076 25.53320812 22.07255421 18.77512371 15.6521876 12.73090119 10.15561946 7.78741712 5.64916198 3.79946245 2.240044163 
6.45687142857 25.16152646 21.74951681 18.49853537 15.4203882 12.54246385 10.00494299 7.67271449 5.56779552 3.74731273 2.212426146 
6.50775714286 24.78535836 21.42309057 18.21873312 15.18559441 12.35217431 9.85271273 7.55675648 5.48547895 3.6944873 2.184396529 
6.55838571429 24.41934992 21.10503696 17.94647344 14.95756115 12.16707436 9.70454359 7.44384431 5.40528212 3.64294812 2.156980196 
6.60782857143 24.07014505 20.80066219 17.68666809 14.74081945 11.99055284 9.56305266 7.33593308 5.32855988 3.59351839 2.130561307 
6.65701428571 23.72968668 20.50392946 17.43339689 14.52952802 11.81847317 9.42513236 7.23073498 5.25375844 3.54530631 2.104776625 
6.70747142857 23.38874125 20.20682972 17.17921674 14.31687831 11.64530619 9.28659809 7.12510127 5.17854197 3.49674437 2.078655803 
6.75708571429 23.06037706 19.92072313 16.93436276 14.11193924 11.47842297 9.15313679 7.02333317 5.10605578 3.44991458 2.05343124 
6.80635714286 22.74040265 19.64243008 16.69637907 13.91267339 11.31588213 9.02325984 6.92431593 5.03547667 3.404251333 2.028790806 
6.85647142857 22.42087071 19.36536154 16.45972965 13.71438166 11.15366714 8.89382879 6.82567942 4.9650965 3.358606265 2.00410098 
6.90701428571 22.10495056 19.09143145 16.22576935 13.51835716 10.99331464 8.76588636 6.72817138 4.89550523 3.313459919 1.979664974 
6.95671428571 21.80139899 18.82827499 16.00049381 13.32948421 10.84009997 8.64307521 6.634306 4.8284453 3.26984987 1.955901591 
7.00624285714 21.50485491 18.57120678 15.78035298 13.14490562 10.69057941 8.5231384 6.5425878 4.762898 3.227196791 1.932621838 
7.05635714286 21.21036197 18.31592903 15.56194087 12.96190826 10.54213587 8.40414827 6.45161391 4.69785834 3.184831489 1.909455275 
7.10562857143 20.92587091 18.06933261 15.35144177 12.78585665 10.39882018 8.28947308 6.36400485 4.63516823 3.143907473 1.886987403 
7.1549 20.64668606 17.82734611 15.14488374 12.6131047 10.25819704 8.17695193 6.27803533 4.57364432 3.103733255 1.86491844 
7.20544285714 20.3664139 17.58374065 14.9371012 12.43957757 10.11653804 8.06380652 6.19161991 4.51172939 3.063227699 1.842589483 
7.25548571429 20.09455553 17.34707065 14.73532459 12.27120916 9.97885784 7.95395391 6.10773926 4.45158091 3.023832434 1.82082236 
7.305 19.83053128 17.11723321 14.53937898 12.10771478 9.84516673 7.84728434 6.02628705 4.39316801 2.985561523 1.799664748 
7.35555714286 19.56698037 16.88882951 14.34394101 11.94398373 9.7125252 7.74090289 5.94482455 4.33470709 2.947146209 1.778306138 
7.40601428571 19.30885229 16.66517636 14.15254701 11.78362094 9.58266197 7.63673036 5.86503932 4.27744324 2.909503331 1.757361186 
7.4558 19.05866123 16.44841751 13.96721382 11.62838257 9.45663348 7.53581633 5.78780944 4.22199043 2.87302288 1.737026774 
7.50522857143 18.81432175 16.23677622 13.78667577 11.47728078 9.33309174 7.43738905 5.71265128 4.16797136 2.837428741 1.717103962 
7.5551 18.57219119 16.02705916 13.60778069 11.32756471 9.21068533 7.33986729 5.63818255 4.11444278 2.802147418 1.697346133 
7.60488571429 18.33526394 15.82140322 13.43245281 11.18117231 9.09128017 7.24450643 5.56525732 4.06199465 2.767527056 1.677895632 
7.65491428571 18.10193476 15.61838495 13.25947791 11.03711231 8.97409765 7.15066849 5.4933851 4.01026682 2.733326183 1.658611829 
7.70512857143 17.87187437 15.4182273 13.08894174 10.89508973 8.85857182 7.05815796 5.42252473 3.95926615 2.699597278 1.639584933 
7.75472857143 17.64922278 15.22511487 12.92401019 10.75712484 8.74634565 6.96847718 5.35389043 3.90983642 2.666851754 1.621055044 
7.804 17.43217581 15.03718174 12.76329754 10.62237729 8.63673314 6.88098131 5.28695398 3.86161062 2.634874207 1.602925436 
7.85377142857 17.21668263 14.85060003 12.60374423 10.48861072 8.52792325 6.79412342 5.22050802 3.81373468 2.603119267 1.58491382 
7.90381428571 17.00337093 14.66591854 12.44618032 10.35699133 8.42124682 6.7086684 5.15498816 3.766483 2.571737168 1.567025341 
7.95325714286 16.79608917 14.48646437 12.29319546 10.22935417 8.31791807 6.62580303 5.09140625 3.72061704 2.541254415 1.549616033 
8.00285714286 16.59165431 14.30948323 12.14232005 10.10348346 8.21601277 6.54408328 5.02870242 3.67537877 2.511183605 1.53243482 
8.05324285714 16.38818671 14.13271132 11.99177049 9.97798319 8.11363413 6.46243213 4.96623183 3.63028456 2.481141264 1.515200099 
8.10344285714 16.18905806 13.95957178 11.84434909 9.85511373 8.01322774 6.38245482 4.90508179 3.58613703 2.451708777 1.498293286 
8.15288571429 15.99619945 13.79188937 11.7015822 9.73612703 7.9159941 6.30500542 4.84586284 3.54337865 2.423197931 1.481909548 
8.20291428571 15.80498381 13.62565785 11.55972769 9.61781604 7.82006729 6.22832434 4.78708636 3.50090839 2.394848295 1.4655361 
8.25347142857 15.61509558 13.46059596 11.418813 9.50027337 7.72491223 6.15220235 4.72871462 3.45871596 2.36667599 1.449243257 
8.30315714286 15.43155285 13.30105637 11.28261799 9.38667177 7.63294364 6.07863228 4.67229798 3.417937033 2.339440418 1.43348618 
8.3526 15.25152244 13.14515944 11.14973293 9.27572842 7.54279981 6.00668117 4.61718474 3.378082148 2.312767709 1.418003846 
8.4023 15.07338196 12.99105297 11.01842567 9.16607818 7.45362667 5.93553954 4.56270948 3.338682424 2.286382434 1.402672089 
8.45215714286 14.8975533 12.83895305 10.88883341 9.05786511 7.36561973 5.8653343 4.50894766 3.299794113 2.2603357 1.387531383 
8.50228571429 14.72340191 12.68830402 10.7607332 8.95115438 7.2788373 5.79608603 4.45589928 3.261393205 2.234577772 1.372510041 
8.55222857143 14.55258105 12.54053962 10.63520549 8.84670402 7.19388649 5.72829894 4.40395536 3.223777767 2.20932817 1.357760698 
8.60261428571 14.38299499 12.39384881 10.51059359 8.74301512 7.10955651 5.66100577 4.35239217 3.186433985 2.184256928 1.343110825 
8.65212857143 14.21934626 12.25264257 10.39039267 8.64269791 7.02817976 5.59605186 4.30260915 3.150375081 2.160027751 1.328902736 
8.70165714286 14.05851013 12.11415289 10.27229777 8.54389676 6.94820245 5.53219898 4.25366648 3.114917456 2.136184106 1.314878495 
8.75118571429 13.90016761 11.97781382 10.15604135 8.44663568 6.8694668 5.4693408 4.20548184 3.080008631 2.112706785 1.301065542 
8.80155714286 13.74183538 11.84110431 10.03955512 8.34935059 6.79060081 5.40644146 4.15729034 3.045087801 2.089205454 1.287218289 
8.85108571429 13.58899801 11.70831529 9.92658464 8.25537202 6.71416326 5.34560698 4.11073495 3.01134792 2.066469356 1.273782636 
8.9006 13.4385342 11.57759799 9.81537718 8.16286492 6.63892278 5.28572604 4.06491015 2.978131114 2.044083118 1.260550039 
8.95098571429 13.28775826 11.44663716 9.70397421 8.07018975 6.56354853 5.22573877 4.01899617 2.944849481 2.021649203 1.247284171 
9.00135714286 13.13911578 11.31810134 9.59481789 7.97938393 6.4896972 5.16694171 3.97397056 2.912179417 1.999596704 1.234193233 
9.05088571429 12.99517926 11.19363693 9.48911901 7.89145588 6.41818856 5.11001057 3.9303684 2.88054144 1.978238094 1.221511151 
9.10125714286 12.85099921 11.06896672 9.38324863 7.80338377 6.3465633 5.05298682 3.88669764 2.848848583 1.956840382 1.208802315 
9.15078571429 12.71173778 10.94855657 9.28080139 7.71803508 6.27737677 4.99787701 3.84448806 2.818222456 1.936137931 1.196465634 
9.20031428571 12.5746887 10.83006379 9.17990794 7.63393148 6.20929127 4.94363842 3.8029439 2.788076872 1.915748982 1.184297709 
9.25068571429 12.43737894 10.71134463 9.07882927 7.54967353 6.14107886 4.88929693 3.76132085 2.757871949 1.895317501 1.172101658 
9.30021428571 12.30429151 10.59628871 8.98095079 7.46816987 6.07508909 4.83672189 3.72104236 2.728634629 1.875534976 1.160277419 
9.34972857143 12.17303227 10.48282088 8.88461238 7.38813082 6.01028953 4.78508324 3.68146016 2.699886084 1.856071784 1.148613361 
9.40011428571 12.04142317 10.36905121 8.78802015 7.30788254 5.94531504 4.73330053 3.64177163 2.671057963 1.836553026 1.136913288 
9.44964285714 11.91393693 10.25885217 8.69446004 7.23015531 5.88237454 4.68314707 3.60332476 2.643131246 1.817642407 1.125576109 
9.49915714286 11.78877966 10.15066311 8.60261493 7.15377607 5.82028811 4.63378937 3.56556046 2.615707024 1.799039459 1.114382304 
9.54868571429 11.66546773 10.04407243 8.51212467 7.07851158 5.75905918 4.58513825 3.52834496 2.588683426 1.780700964 1.103338047 
9.59905714286 11.54185396 9.9372245 8.42142175 7.00306873 5.69768276 4.53637394 3.49104371 2.561592257 1.762315135 1.092263263 
9.64858571429 11.42197889 9.83361106 8.3334594 6.92993084 5.63826487 4.48915999 3.45491895 2.535356187 1.744507947 1.081523247 
9.69811428571 11.3036336 9.7313216 8.24662209 6.85778765 5.57984854 4.44272808 3.419386551 2.509541664 1.726986478 1.070925233 
9.74848571429 11.18497618 9.62877146 8.15956183 6.78545581 5.52127443 4.39617612 3.383758112 2.483657512 1.709415617 1.060296006 
9.79971428571 11.0660375 9.52597436 8.07229577 6.71295247 5.46256312 4.34951097 3.348041865 2.457707161 1.691798794 1.049636938 
9.84924285714 10.95253194 9.42819878 7.9893961 6.6440815 5.40678103 4.30514735 3.31408315 2.433034828 1.67503021 1.039474877 
9.89877142857 10.8405493 9.33185351 7.90775181 6.57624639 5.35183929 4.26143886 3.2806235 2.408725046 1.658500354 1.029450359 
9.94828571429 10.73015132 9.23686309 7.82725657 6.50936825 5.29766587 4.21834434 3.247633074 2.384754491 1.642199965 1.019563727 
9.99867142857 10.61939319 9.14154339 7.74646978 6.44225001 5.24329694 4.17510576 3.214532545 2.360701273 1.625842295 1.009638679 
10.0481857143 10.51248695 9.04914948 7.66803597 6.37708344 5.19050581 4.13327348 3.182557399 2.337453076 1.610031024 1.000010669 
10.0977142857 10.40700759 8.95799037 7.59065174 6.31278809 5.13841783 4.09199686 3.151005858 2.314511521 1.594426925 0.990507511 
10.1480857143 10.30119895 8.86655 7.51303084 6.2482938 5.08616521 4.05059333 3.119353818 2.291495192 1.578771033 0.980972111 
10.1976142857 10.19852533 8.77794624 7.43785896 6.18585751 5.03565846 4.01050692 3.088688246 2.269198477 1.563597399 0.971719686 
10.248 10.09538523 8.68920528 7.36265621 6.12344523 4.98532321 3.97042394 3.057984944 2.246880839 1.548395982 0.962429874 
10.2975142857 9.99540073 8.60317402 7.28974813 6.06294003 4.93652117 3.93156547 3.028217003 2.225241655 1.5336559 0.953420979 
10.3479 9.89502521 8.51681005 7.21655879 6.00219473 4.88752362 3.89255265 2.998329698 2.203513634 1.518854421 0.944373668 
10.3965714286 9.79956488 8.43448662 7.14673428 5.94420715 4.84063209 3.8553543 2.969892597 2.18284171 1.504761923 0.935753392 
10.4469428571 9.70227636 8.35041732 7.0753697 5.88490588 4.79256407 3.81735676 2.940896406 2.161765046 1.490383363 0.926952698 
10.4973142857 9.60628781 8.26747306 7.00496209 5.82639694 4.74513746 3.77986343 2.912285404 2.140966212 1.476193796 0.918266566 
10.5468428571 9.51315302 8.18699497 6.93665021 5.76963044 4.69912058 3.74348142 2.884521269 2.120782034 1.462422689 0.909836312 
10.5963714286 9.42113984 8.10770709 6.86942221 5.71380719 4.65400579 3.70770652 2.857176623 2.100904498 1.448866643 0.901510673 
10.6467428571 9.32873221 8.02819626 6.80204329 5.65788447 4.60887042 3.67186302 2.829759261 2.08097414 1.435277326 0.893151077 
10.6962714286 9.23906172 7.95103841 6.7366572 5.60361501 4.56507275 3.63707939 2.803148635 2.06162894 1.422086575 0.885035697 
10.7466428571 9.14904823 7.87358901 6.67102415 5.54913632 4.52110015 3.60215856 2.776433737 2.042206565 1.40884163 0.876886703 
10.7961714286 9.06159695 7.79834167 6.60738393 5.49638978 4.4783795 3.56830446 2.750565706 2.023398846 1.396013773 0.868984669 
10.8457 8.97523298 7.72403072 6.54458063 5.44436011 4.43618021 3.53489283 2.725048564 2.004844947 1.383357073 0.861184849 
10.8960714286 8.88852601 7.64942822 6.48152351 5.39212464 4.39381628 3.50135086 2.699426121 1.98621353 1.370646865 0.853351758 
10.9464428571 8.80294065 7.57578612 6.41928616 5.34056145 4.35199429 3.46823421 2.674130557 1.96781844 1.358097181 0.845616765 
10.9959714286 8.71977687 7.50422946 6.35868492 5.29031881 4.31150314 3.43616714 2.64963384 1.950008508 1.345944348 0.838117756 
11.0455 8.63762837 7.43354745 6.29877654 5.24063526 4.27156079 3.404532936 2.625465717 1.932438676 1.333953411 0.830715816 
11.0950142857 8.55653288 7.36377439 6.23963991 5.19158969 4.23212608 3.373299699 2.601603207 1.915089736 1.322112708 0.8234058 
11.1445428571 8.47643209 7.29485197 6.18122358 5.14314094 4.19317157 3.342444448 2.578027788 1.897948311 1.310412978 0.816182563 
11.1949142857 8.39622154 7.22583008 6.12282097 5.09472649 4.15402155 3.311478065 2.554397489 1.880774301 1.298683064 0.808933944 
11.2444428571 8.31848745 7.15893479 6.06627399 5.04786583 4.11598628 3.281421661 2.531479258 1.86412268 1.287304725 0.801897642 
11.2948285714 8.24038978 7.0917308 6.0094629 5.00078565 4.07777608 3.251222569 2.508450581 1.847389425 1.275869791 0.794826011 
11.3443428571 8.16459364 7.02650592 5.95432565 4.95509119 4.04068406 3.221909789 2.486096242 1.831144945 1.264768596 0.787960523 
11.3947285714 8.08816295 6.96073567 5.89879052 4.90915663 4.00348228 3.192492394 2.463655124 1.81483701 1.253625212 0.781064851 
11.4451 8.01240454 6.89554166 5.84381448 4.86379488 3.96683616 3.163499633 2.441529223 1.798758542 1.242641323 0.774262475 
11.4946285714 7.93882761 6.83222386 5.79042653 4.81973653 3.93123962 3.135337275 2.420036157 1.783138665 1.231969564 0.767653208 
11.5441428571 7.86616992 6.76969839 5.73770057 4.77622355 3.89608212 3.107520318 2.398805143 1.767708124 1.221426773 0.761123517 
11.5936714286 7.79444176 6.70802356 5.68565032 4.73321478 3.86134651 3.080045332 2.37783721 1.752467262 1.211013979 0.754672716 
11.6440428571 7.72265529 6.64649965 5.63357263 4.68997963 3.82648056 3.052505176 2.356831547 1.737198617 1.200585064 0.748204422 
11.6935714286 7.65292682 6.58673533 5.58298356 4.64797585 3.79260931 3.025749118 2.336422018 1.722362152 1.190450786 0.741918947 
11.7439571429 7.58284506 6.52666917 5.53213724 4.60575941 3.75856313 2.998853116 2.315904444 1.707446111 1.180261628 0.735598829 
11.7934714286 7.51480415 6.46834888 5.48277268 4.56477091 3.72550479 2.972735381 2.295979231 1.692959163 1.170365049 0.729460501 
11.843 7.4478334 6.41051222 5.43389518 4.52439981 3.69288206 2.946965791 2.276330476 1.678683846 1.160616646 0.723406551 
11.8925285714 7.38168585 6.35333755 5.38559049 4.4845192 3.66064692 2.921502157 2.256914618 1.664578314 1.150983834 0.717423945 
11.9420428571 7.31633406 6.29685574 5.33786547 4.44511879 3.62879937 2.896341049 2.237728227 1.650637765 1.141463526 0.711510625 
11.9924285714 7.25062212 6.24005494 5.28987291 4.40549543 3.59677003 2.871035881 2.218430018 1.636615582 1.131886623 0.705561976 
12.0428 7.18549328 6.18399502 5.24251833 4.36634198 3.56515915 2.846068568 2.199395919 1.62278788 1.122442118 0.69969256 
12.0923285714 7.12199026 6.12956092 5.19654947 4.32828956 3.53446751 2.821838705 2.180929142 1.609375551 1.113281274 0.693995673 
12.1427 7.05816482 6.07485242 5.15034737 4.2900382 3.50361466 2.797479874 2.162362895 1.595890163 1.104069666 0.688266887 
12.1922285714 6.99614013 6.02168742 5.10544867 4.25286386 3.4736296 2.773803613 2.144315607 1.58278036 1.095114279 0.682697596 
12.2417142857 6.93488719 5.96917755 5.0611022 4.21614914 3.44401155 2.750416158 2.126487153 1.569828337 1.086265908 0.677194847 
12.5522234414 6.56850656626 5.65506208057 4.79578159008 3.99643316325 3.26668917519 2.61034276673 2.01965559674 1.49217585358 1.03319416066 0.644186649743 
13.7253137431 5.41235541723 4.66335188844 3.95773078123 3.30192320974 2.70535694669 2.16634242085 1.68047462011 1.24518757001 0.864147971124 0.539019371768 
15.0080372793 4.45970341461 3.84555474822 3.26612725007 2.72810689874 2.24048136095 1.79786330906 1.39825569934 1.03908133937 0.722760294658 0.451021273504 
16.4106400184 3.67473179662 3.17117208294 2.69537970198 2.25400979314 1.85548777025 1.49205981794 1.16343262632 0.867090272846 0.604505780248 0.377389384886 
17.9443254838 3.0279264161 2.61505375376 2.22436885693 1.86230244494 1.53664963501 1.23827127964 0.968045742006 0.7235675522 0.505599492742 0.315778337279 
19.6213442441 2.49496803815 2.15646012144 1.83566597614 1.53866696009 1.27259911849 1.02765032845 0.805472132564 0.603801033171 0.422875769618 0.26422565734 
21.4550917668 2.05581796119 1.77828859106 1.51488794921 1.27127364328 1.05392177857 0.852854471334 0.670201136356 0.503858536152 0.353686898617 0.221089257098 
23.4602154161 1.69396458188 1.46643579525 1.25016507822 1.05034859266 0.872820905822 0.707790119983 0.557647552304 0.420458744696 0.295818373245 0.18499512915 
25.6527314519 1.39580257534 1.20927162914 1.03170186523 0.867816438995 0.72283954002 0.587400161204 0.463996218032 0.350863473191 0.247418013762 0.15479358092 
28.050152962 1.15012134856 0.997205522248 0.85141455097 0.717005170525 0.598630254078 0.48748766003 0.386072689567 0.29278776663 0.206936685042 0.129522613942 
30.671629751 0.947683533324 0.82232877183 0.702631992861 0.592402254047 0.495764497177 0.404569549648 0.321235639078 0.244324880868 0.173078713894 0.108377281684 
33.5381013021 0.780877670391 0.678119599113 0.579848813753 0.489453137895 0.410574699469 0.335755207613 0.267287323353 0.203883680313 0.144760418856 0.0906840498957 
36.6724640354 0.643432026276 0.559199928852 0.478521687352 0.404394771557 0.34002350875 0.278645685365 0.22239908819 0.170136397694 0.121075425139 0.0758793427707 
40.0997541965 0.530178782332 0.461134821701 0.39490122224 0.334118056666 0.281595496879 0.231250078069 0.18504938359 0.141975040748 0.101265654579 0.0634915915857 
43.8473478374 0.436859729942 0.380267079471 0.325893223753 0.276054201592 0.233207474842 0.191916119342 0.15397218867 0.118475014569 0.0846970620637 0.0531262139982 
47.945179488 0.35996616614 0.313580855152 0.268944199985 0.228080825613 0.193134218852 0.159272581316 0.128114098107 0.0988647652647 0.0708393418481 0.0444530455655 
52.4259812625 0.296606969891 0.2585891812 0.221946875336 0.188444380533 0.15994695932 0.13218147202 0.106598615475 0.0825004482713 0.0592489542282 0.0371958231414 
57.3255443132 0.244399898833 0.213241221634 0.183162215338 0.155696054058 0.132462439582 0.109698363654 0.0886964431628 0.0688447896148 0.0495549293027 0.0311233851712 
62.6830047175 0.201382019349 0.175845789035 0.151155077434 0.12863881205 0.109700728132 0.0910394687281 0.0738007618082 0.0574494461111 0.0414469934564 0.0260423085901 
68.5411560848 0.165935902227 0.145008274125 0.124741106629 0.106283643897 0.0908502802048 0.0755543163108 0.0614066612961 0.0479402853424 0.0346656385298 0.0217907477922 
74.9467913769 0.136728808942 0.119578635804 0.102942910998 0.087813411676 0.0752390030027 0.062703075852 0.0510940261204 0.0400051021252 0.0289938158227 0.018233279423 
81.9510766749 0.11266258202 0.0986085120106 0.0849538954003 0.0725529816951 0.0623102929356 0.0520377380577 0.0425132949763 0.033383368176 0.0242499890846 0.0152565887911 
89.6099598768 0.0928323554166 0.0813158519127 0.0701084151762 0.0599445466517 0.0516031905099 0.0431864967606 0.0353736118873 0.0278576784353 0.0202823241411 0.0127658604983 
97.9846175905 0.0764925324601 0.0670557504364 0.0578571454005 0.0495272363633 0.0427359453044 0.0358407873221 0.0294329672318 0.0232466132151 0.0169638291849 0.0106817583205 
107.141943792 0.0630287521618 0.055296397453 0.0477467543017 0.0409202717979 0.0353924050629 0.0297445297078 0.024489994486 0.0193987818198 0.0141882901886 0.00893789814118 
117.155084154 0.0519347898588 0.0455992446789 0.0394031286985 0.033809046637 0.029310743619 0.0246852012369 0.0203771446215 0.0161878520802 0.0118668713462 0.00747873344303 
128.104020305 0.0427935236723 0.0376026506438 0.0325175307503 0.0279336276199 0.0242741257616 0.0204864277934 0.0169550067953 0.0135084026103 0.00992527173288 0.0062577860061 
140.076208701 0.0352612511435 0.0310083937881 0.0268351737799 0.0230792533248 0.0201029762038 0.0170018352173 0.0141075828222 0.0112724616074 0.00830134717887 0.00523616545455 
153.167279195 0.0290547663643 0.0255705507152 0.0221457944432 0.0190684840966 0.0166485770165 0.01410994653 0.0117383552533 0.00940661855865 0.00694312124028 0.00438133049623 
167.481798898 0.0239407117191 0.0210863248303 0.0182758723884 0.0157547161784 0.0137877652475 0.0117099471048 0.00976701578079 0.00784961402303 0.00580712160551 0.00366605239728 
183.134107424 0.0197268038721 0.0173884833299 0.0150822095099 0.0130168229737 0.0114185416767 0.00971817015079 0.00812674307459 0.00655032835937 0.00485698869055 0.00306754767557 
200.249230202 0.016254604106 0.0143391204939 0.0124466312123 0.0107547275629 0.00945643414158 0.00806517999054 0.00676193777944 0.00546610336377 0.00406231188921 0.00256675238708 
218.96387713 0.0133935611848 0.0118245146881 0.0102716136143 0.0088857446387 0.00783148577164 0.00669335145099 0.00562633789616 0.00456134171361 0.00339765623035 0.00214771488934 
239.427534576 0.0110361027584 0.0097508872785 0.00847667488823 0.00734155814943 0.0064857607501 0.00555486098252 0.00468145066612 0.0038063382347 0.00284174828878 0.00179708773979 
261.803659418 0.00909359074961 0.00804090529092 0.0069953972043 0.00606572417429 0.00537127867357 0.00461001947397 0.00389524780484 0.00317630461969 0.00237679529337 0.00150370254475 
286.270984689 0.00749298865112 0.00663079738807 0.00577296908177 0.00501160775542 0.00444830386146 0.0038258886437 0.0032410798582 0.0026505555773 0.00198791563943 0.00125821421683 
313.024947233 0.0061741154261 0.00546797560857 0.00476415720876 0.00414067827229 0.00368392862229 0.00317513277257 0.0026967728816 0.0022118296919 0.00166266257784 0.00105280330937 
342.279248793 0.00508738276136 0.00450907417405 0.00393163268127 0.00342110105007 0.00305089996475 0.00263506574872 0.00224387682289 0.00184572269597 0.00139062583589 0.000880926946624 
374.267562983 0.00419193059643 0.00371833222432 0.00324458972764 0.00282657372178 0.00252664792108 0.00218686020316 0.0018670401318 0.00154021454858 0.0011630984189 0.000737110415952 
409.245401804 0.00345409082619 0.0030662601671 0.00267760580759 0.00233536481025 0.00209248083872 0.00181489116562 0.00155348939755 0.00128527479281 0.000972797928189 0.000616772783926 
447.492156581 0.00284612141377 0.00252853990583 0.00220970090603 0.00192951938771 0.0017329189492 0.00150619135978 0.00129259637604 0.00107253323542 0.000813633475649 0.000516080981572 
489.313329653 0.0023451633178 0.00208511793096 0.00182356121288 0.00159420277774 0.00143514245337 0.00124999914884 0.00107551773059 0.000895005136268 0.000680510734566 0.000431827711083 
535.042974619 0.00193238101528 0.00171945745288 0.00150489846298 0.00131715831038 0.00118853444497 0.00103738337228 0.000894895274552 0.000746861885015 0.000569168887121 0.000361329284971 
585.046364652 0.0015922543048 0.00141792168605 0.00124192122967 0.00108825930981 0.000984302376089 0.0008609319951 0.000744606555183 0.000623239635936 0.000476044249726 0.000302340143597 
639.722910176 0.00131199476247 0.00116926528446 0.00102489860854 0.000899138938771 0.000815164568158 0.000714493715623 0.000619557324514 0.000520079617925 0.000398156211319 0.000252981328202 
699.509349225 0.00108106491002 0.000964214962577 0.000845800146329 0.000742884369494 0.00067509059139 0.000592963523913 0.000515508862616 0.000433994876746 0.000333011833886 0.000211680631151 
764.88323596 0.000890782016145 0.000795123661338 0.000697998691355 0.000613784102369 0.000559086256181 0.000492104735149 0.000428934300219 0.0003621590744 0.00027852606177 0.000177122516997 
836.366755213 0.000733991634479 0.000655685362037 0.000576025170069 0.000507119196192 0.00046301555056 0.000408401293822 0.000356899070504 0.000302213694671 0.000232954985954 0.000148206219231 
914.530893526 0.00060479860361 0.000540699912347 0.000475366215814 0.000418990778929 0.000383453175052 0.000338935199933 0.000296961437827 0.000252190608225 0.000194840027306 0.000124010677983 
1000.0 0.000498345394888 0.000445879094057 0.000392297161443 0.000346177534091 0.000317562417244 0.000281284784088 0.000247089731649 0.000210447454891 0.0001629612523 0.000103765201849 
