0.0001 447.02 411.58 373.27 332.33 289.24 244.77 200.04 156.46 115.65 79.235 
0.00010202 455.69 419.55 380.5 338.77 294.84 249.51 203.91 159.49 117.89 80.77 
0.00010408 464.51 427.68 387.88 345.34 300.55 254.34 207.86 162.58 120.18 82.335 
0.00010618 473.51 435.97 395.39 352.03 306.38 259.27 211.89 165.73 122.51 83.931 
0.00010833 482.69 444.41 403.05 358.85 312.31 264.3 216.0 168.94 124.88 85.557 
0.00011052 492.04 453.02 410.86 365.8 318.36 269.42 220.18 172.22 127.3 87.215 
0.00011275 501.57 461.8 418.82 372.89 324.53 274.64 224.45 175.55 129.77 88.904 
0.00011503 511.29 470.75 426.93 380.11 330.82 279.96 228.79 178.96 132.28 90.627 
0.00011735 521.19 479.87 435.2 387.47 337.23 285.38 233.23 182.42 134.84 92.383 
0.00011972 531.29 489.16 443.63 394.98 343.76 290.91 237.75 185.96 137.45 94.172 
0.00012214 541.58 498.64 452.23 402.63 350.42 296.54 242.35 189.56 140.12 95.997 
0.00012461 552.07 508.3 460.99 410.43 357.21 302.29 247.05 193.23 142.83 97.856 
0.00012712 562.76 518.14 469.92 418.38 364.13 308.14 251.83 196.97 145.6 99.752 
0.00012969 573.66 528.18 479.02 426.48 371.18 314.11 256.71 200.79 148.42 101.68 
0.00013231 584.77 538.41 488.3 434.74 378.37 320.2 261.68 204.68 151.29 103.65 
0.00013499 596.1 548.83 497.75 443.16 385.7 326.4 266.75 208.64 154.22 105.66 
0.00013771 607.64 559.46 507.39 451.75 393.17 332.72 271.92 212.68 157.21 107.71 
0.00014049 619.41 570.3 517.22 460.49 400.78 339.16 277.18 216.8 160.26 109.79 
0.00014333 631.41 581.34 527.24 469.41 408.54 345.73 282.55 221.0 163.36 111.92 
0.00014623 643.63 592.6 537.45 478.5 416.45 352.43 288.02 225.28 166.52 114.09 
0.00014918 656.1 604.07 547.85 487.77 424.52 359.25 293.6 229.64 169.75 116.3 
0.0001522 668.8 615.77 558.46 497.21 432.74 366.21 299.28 234.09 173.04 118.55 
0.00015527 681.75 627.69 569.27 506.84 441.12 373.3 305.08 238.62 176.39 120.85 
0.00015841 694.95 639.84 580.3 516.65 449.66 380.53 310.99 243.25 179.8 123.19 
0.00016161 708.4 652.23 591.53 526.66 458.36 387.89 317.01 247.95 183.28 125.57 
0.00016487 722.11 664.86 602.98 536.85 467.24 395.4 323.15 252.76 186.83 128.0 
0.0001682 736.09 677.73 614.65 547.24 476.28 403.06 329.4 257.65 190.45 130.48 
0.0001716 750.34 690.85 626.55 557.84 485.5 410.86 335.78 262.64 194.14 133.01 
0.00017507 764.86 704.22 638.68 568.63 494.9 418.81 342.28 267.72 197.9 135.58 
0.0001786 779.67 717.85 651.04 579.64 504.48 426.92 348.9 272.9 201.73 138.21 
0.00018221 794.76 731.74 663.64 590.86 514.24 435.18 355.66 278.19 205.63 140.88 
0.00018589 810.13 745.9 676.48 602.29 524.19 443.6 362.54 283.57 209.61 143.61 
0.00018965 825.81 760.33 689.57 613.95 534.34 452.19 369.56 289.06 213.67 146.39 
0.00019348 841.79 775.05 702.91 625.83 544.68 460.94 376.71 294.65 217.8 149.22 
0.00019739 858.08 790.04 716.51 637.94 555.22 469.86 384.0 300.35 222.02 152.11 
0.00020138 874.68 805.32 730.38 650.28 565.96 478.95 391.43 306.17 226.31 155.06 
0.00020544 891.59 820.9 744.51 662.86 576.91 488.21 399.0 312.09 230.69 158.06 
0.00020959 908.84 836.78 758.91 675.68 588.07 497.66 406.72 318.13 235.16 161.11 
0.00021383 926.42 852.97 773.58 688.75 599.44 507.28 414.59 324.28 239.71 164.23 
0.00021815 944.33 869.46 788.55 702.07 611.03 517.1 422.6 330.55 244.34 167.41 
0.00022255 962.59 886.27 803.79 715.64 622.85 527.1 430.78 336.95 249.07 170.65 
0.00022705 981.21 903.41 819.34 729.48 634.9 537.29 439.11 343.46 253.89 173.95 
0.00023164 1000.2 920.88 835.18 743.59 647.17 547.68 447.6 350.11 258.8 177.31 
0.00023632 1019.5 938.68 851.32 757.96 659.68 558.27 456.25 356.88 263.8 180.74 
0.00024109 1039.2 956.82 867.78 772.61 672.43 569.06 465.07 363.78 268.9 184.24 
0.00024596 1059.3 975.31 884.55 787.55 685.43 580.06 474.07 370.81 274.1 187.8 
0.00025093 1079.8 994.16 901.64 802.77 698.68 591.27 483.23 377.98 279.4 191.43 
0.000256 1100.6 1013.4 919.07 818.28 712.18 602.7 492.57 385.28 284.8 195.13 
0.00026117 1121.9 1032.9 936.82 834.09 725.94 614.34 502.09 392.73 290.31 198.9 
0.00026645 1143.6 1052.9 954.92 850.2 739.97 626.21 511.79 400.32 295.92 202.75 
0.00027183 1165.7 1073.2 973.36 866.62 754.26 638.31 521.67 408.05 301.63 206.67 
0.00027732 1188.2 1094.0 992.16 883.36 768.83 650.64 531.75 415.93 307.46 210.66 
0.00028292 1211.1 1115.1 1011.3 900.42 783.67 663.2 542.02 423.97 313.4 214.73 
0.00028864 1234.5 1136.6 1030.8 917.8 798.81 676.01 552.49 432.15 319.45 218.88 
0.00029447 1258.3 1158.6 1050.7 935.52 814.23 689.06 563.15 440.5 325.62 223.1 
0.00030042 1282.6 1180.9 1071.0 953.58 829.94 702.36 574.03 449.0 331.91 227.41 
0.00030649 1307.3 1203.7 1091.7 971.98 845.96 715.92 585.11 457.67 338.32 231.8 
0.00031268 1332.6 1226.9 1112.8 990.73 862.28 729.73 596.4 466.5 344.85 236.28 
0.00031899 1358.3 1250.6 1134.2 1009.8 878.92 743.81 607.91 475.51 351.5 240.84 
0.00032544 1384.5 1274.7 1156.1 1029.3 895.87 758.16 619.63 484.68 358.29 245.49 
0.00033201 1411.2 1299.3 1178.4 1049.2 913.15 772.78 631.58 494.03 365.2 250.23 
0.00033872 1438.4 1324.3 1201.1 1069.4 930.75 787.68 643.76 503.56 372.24 255.05 
0.00034556 1466.1 1349.9 1224.3 1090.0 948.69 802.87 656.17 513.27 379.42 259.97 
0.00035254 1494.3 1375.9 1247.8 1111.0 966.98 818.34 668.82 523.16 386.74 264.99 
0.00035966 1523.1 1402.4 1271.9 1132.4 985.61 834.11 681.71 533.25 394.19 270.1 
0.00036693 1552.5 1429.4 1296.4 1154.2 1004.6 850.18 694.85 543.52 401.79 275.3 
0.00037434 1582.3 1456.9 1321.3 1176.5 1023.9 866.55 708.23 553.99 409.53 280.61 
0.0003819 1612.8 1485.0 1346.8 1199.1 1043.7 883.24 721.87 564.66 417.42 286.02 
0.00038962 1643.8 1513.5 1372.7 1222.2 1063.7 900.24 735.77 575.54 425.46 291.53 
0.00039749 1675.5 1542.7 1399.1 1245.7 1084.2 917.57 749.93 586.62 433.65 297.14 
0.00040552 1707.7 1572.3 1426.0 1269.7 1105.1 935.22 764.36 597.91 442.0 302.86 
0.00041371 1740.5 1602.6 1453.5 1294.1 1126.3 953.21 779.07 609.41 450.51 308.69 
0.00042207 1774.0 1633.4 1481.4 1319.0 1148.0 971.54 794.05 621.13 459.18 314.63 
0.0004306 1808.1 1664.8 1509.9 1344.3 1170.1 990.22 809.32 633.08 468.01 320.69 
0.00043929 1842.8 1696.7 1538.9 1370.1 1192.5 1009.2 824.87 645.25 477.01 326.85 
0.00044817 1878.2 1729.3 1568.4 1396.5 1215.4 1028.6 840.72 657.65 486.17 333.14 
0.00045722 1914.3 1762.5 1598.5 1423.3 1238.8 1048.4 856.87 670.28 495.52 339.54 
0.00046646 1951.0 1796.3 1629.2 1450.6 1262.6 1068.5 873.32 683.15 505.03 346.07 
0.00047588 1988.4 1830.8 1660.5 1478.4 1286.8 1089.0 890.08 696.27 514.73 352.71 
0.0004855 2026.5 1865.9 1692.3 1506.8 1311.5 1109.9 907.16 709.63 524.61 359.49 
0.0004953 2065.4 1901.7 1724.8 1535.7 1336.6 1131.2 924.56 723.24 534.68 366.39 
0.00050531 2105.0 1938.1 1757.8 1565.1 1362.2 1152.9 942.28 737.11 544.93 373.42 
0.00051552 2145.3 1975.2 1791.5 1595.1 1388.3 1175.0 960.34 751.24 555.38 380.58 
0.00052593 2186.3 2013.1 1825.8 1625.6 1414.9 1197.5 978.73 765.63 566.03 387.88 
0.00053656 2228.2 2051.6 1860.7 1656.7 1442.0 1220.4 997.47 780.29 576.87 395.31 
0.00054739 2270.8 2090.8 1896.3 1688.4 1469.6 1243.7 1016.6 795.23 587.91 402.88 
0.00055845 2314.2 2130.8 1932.6 1720.7 1497.7 1267.5 1036.0 810.44 599.17 410.6 
0.00056973 2358.4 2171.5 1969.5 1753.6 1526.3 1291.8 1055.8 825.94 610.63 418.45 
0.00058124 2403.5 2213.0 2007.1 1787.1 1555.5 1316.4 1076.0 841.73 622.3 426.46 
0.00059299 2449.3 2255.2 2045.4 1821.2 1585.2 1341.6 1096.5 857.81 634.2 434.61 
0.00060496 2496.1 2298.3 2084.5 1856.0 1615.4 1367.2 1117.5 874.19 646.31 442.92 
0.00061719 2543.7 2342.1 2124.2 1891.4 1646.2 1393.3 1138.8 890.87 658.65 451.38 
0.00062965 2592.1 2386.7 2164.7 1927.4 1677.6 1419.8 1160.5 907.86 671.21 459.99 
0.00064237 2641.5 2432.2 2205.9 1964.1 1709.6 1446.9 1182.6 925.17 684.01 468.77 
0.00065535 2691.8 2478.5 2247.9 2001.5 1742.1 1474.4 1205.2 942.79 697.05 477.7 
0.00066859 2743.0 2525.6 2290.7 2039.6 1775.3 1502.5 1228.1 960.74 710.32 486.81 
0.0006821 2795.1 2573.6 2334.2 2078.4 1809.0 1531.1 1251.4 979.02 723.84 496.08 
0.00069588 2848.2 2622.5 2378.6 2117.9 1843.4 1560.2 1275.2 997.64 737.61 505.52 
0.00070993 2902.3 2672.3 2423.7 2158.1 1878.4 1589.8 1299.5 1016.6 751.63 515.13 
0.00072427 2957.4 2723.0 2469.7 2199.0 1914.1 1620.0 1324.1 1035.9 765.91 524.92 
0.00073891 3013.4 2774.6 2516.6 2240.7 1950.4 1650.7 1349.2 1055.6 780.45 534.89 
0.00075383 3070.5 2827.2 2564.2 2283.2 1987.3 1682.0 1374.8 1075.6 795.25 545.04 
0.00076906 3128.6 2880.7 2612.8 2326.4 2024.9 1713.8 1400.9 1095.9 810.32 555.38 
0.0007846 3187.8 2935.2 2662.2 2370.4 2063.3 1746.3 1427.4 1116.7 825.67 565.9 
0.00080045 3248.1 2990.7 2712.5 2415.2 2102.3 1779.3 1454.4 1137.8 841.29 576.61 
0.00081662 3309.4 3047.2 2763.7 2460.8 2142.0 1812.9 1481.8 1159.3 857.2 587.52 
0.00083311 3371.8 3104.7 2815.9 2507.3 2182.4 1847.1 1509.8 1181.2 873.39 598.62 
0.00084994 3435.4 3163.2 2869.0 2554.6 2223.5 1881.9 1538.3 1203.5 889.87 609.93 
0.00086711 3500.1 3222.8 2923.0 2602.7 2265.4 1917.4 1567.3 1226.2 906.65 621.44 
0.00088463 3566.0 3283.4 2978.0 2651.7 2308.1 1953.5 1596.8 1249.3 923.73 633.15 
0.0009025 3633.0 3345.2 3034.0 2701.5 2351.5 1990.2 1626.8 1272.8 941.12 645.07 
0.00092073 3701.3 3408.0 3091.0 2752.3 2395.7 2027.6 1657.4 1296.7 958.81 657.21 
0.00093933 3770.7 3471.9 3149.0 2803.9 2440.6 2065.7 1688.5 1321.0 976.82 669.56 
0.00095831 3841.4 3537.0 3208.1 2856.5 2486.4 2104.4 1720.2 1345.8 995.15 682.13 
0.00097767 3913.3 3603.3 3268.1 2910.0 2532.9 2143.8 1752.4 1371.0 1013.8 694.92 
0.00099742 3986.5 3670.7 3329.3 2964.4 2580.3 2183.9 1785.2 1396.7 1032.8 707.94 
0.0010176 4061.0 3739.2 3391.5 3019.8 2628.5 2224.8 1818.6 1422.8 1052.1 721.18 
0.0010381 4136.8 3809.0 3454.8 3076.2 2677.6 2266.3 1852.5 1449.4 1071.7 734.66 
0.0010591 4213.9 3880.1 3519.2 3133.5 2727.5 2308.6 1887.1 1476.4 1091.7 748.37 
0.0010805 4292.4 3952.3 3584.7 3191.9 2778.3 2351.5 1922.2 1503.9 1112.1 762.33 
0.0011023 4372.2 4025.8 3651.4 3251.3 2830.0 2395.3 1958.0 1531.9 1132.8 776.52 
0.0011246 4453.4 4100.6 3719.2 3311.7 2882.6 2439.8 1994.4 1560.4 1153.8 790.96 
0.0011473 4536.1 4176.7 3788.2 3373.1 2936.1 2485.1 2031.4 1589.3 1175.3 805.65 
0.0011705 4620.1 4254.0 3858.4 3435.6 2990.5 2531.1 2069.0 1618.8 1197.0 820.59 
0.0011941 4705.6 4332.7 3929.8 3499.1 3045.8 2577.9 2107.3 1648.7 1219.2 835.79 
0.0012182 4792.5 4412.8 4002.4 3563.8 3102.1 2625.6 2146.2 1679.2 1241.7 851.25 
0.0012429 4880.9 4494.2 4076.2 3629.5 3159.3 2674.0 2185.8 1710.2 1264.7 866.97 
0.001268 4970.8 4577.0 4151.3 3696.4 3217.5 2723.3 2226.1 1741.7 1288.0 882.95 
0.0012936 5062.3 4661.2 4227.7 3764.4 3276.7 2773.4 2267.1 1773.8 1311.7 899.21 
0.0013197 5155.2 4746.8 4305.3 3833.5 3336.9 2824.3 2308.7 1806.4 1335.8 915.74 
0.0013464 5249.8 4833.8 4384.3 3903.8 3398.1 2876.1 2351.1 1839.5 1360.3 932.54 
0.0013736 5345.9 4922.3 4464.5 3975.3 3460.3 2928.8 2394.1 1873.2 1385.2 949.63 
0.0014013 5443.5 5012.3 4546.1 4048.0 3523.5 2982.3 2437.9 1907.4 1410.5 966.99 
0.0014296 5542.9 5103.7 4629.1 4121.8 3587.8 3036.7 2482.4 1942.2 1436.3 984.65 
0.0014585 5643.8 5196.7 4713.4 4196.9 3653.2 3092.0 2527.6 1977.6 1462.4 1002.6 
0.001488 5746.4 5291.1 4799.1 4273.2 3719.6 3148.3 2573.5 2013.6 1489.0 1020.8 
0.001518 5850.7 5387.1 4886.2 4350.7 3787.1 3205.4 2620.2 2050.1 1516.1 1039.4 
0.0015487 5956.6 5484.7 4974.6 4429.5 3855.7 3263.4 2667.7 2087.3 1543.5 1058.2 
0.00158 6064.3 5583.8 5064.6 4509.6 3925.4 3322.4 2715.9 2125.0 1571.5 1077.3 
0.0016119 6173.7 5684.6 5155.9 4591.0 3996.2 3382.4 2764.9 2163.3 1599.8 1096.8 
0.0016445 6284.8 5786.9 5248.7 4673.6 4068.1 3443.3 2814.7 2202.3 1628.6 1116.5 
0.0016777 6397.7 5890.9 5343.0 4757.6 4141.2 3505.1 2865.3 2241.9 1657.9 1136.6 
0.0017116 6512.4 5996.4 5438.8 4842.8 4215.4 3568.0 2916.6 2282.1 1687.6 1157.0 
0.0017462 6628.9 6103.7 5536.1 4929.5 4290.8 3631.8 2968.8 2322.9 1717.8 1177.7 
0.0017814 6747.2 6212.6 5634.9 5017.4 4367.4 3696.6 3021.8 2364.3 1748.5 1198.7 
0.0018174 6867.3 6323.2 5735.2 5106.7 4445.2 3762.4 3075.6 2406.4 1779.6 1220.1 
0.0018541 6989.2 6435.5 5837.0 5197.4 4524.1 3829.2 3130.2 2449.2 1811.2 1241.8 
0.0018916 7113.1 6549.5 5940.5 5289.5 4604.3 3897.1 3185.7 2492.6 1843.3 1263.8 
0.0019298 7238.8 6665.2 6045.4 5383.0 4685.6 3966.0 3242.0 2536.6 1875.9 1286.1 
0.0019688 7366.3 6782.7 6152.0 5477.9 4768.2 4035.9 3299.1 2581.3 1909.0 1308.8 
0.0020086 7495.8 6902.0 6260.1 5574.2 4852.0 4106.8 3357.1 2626.7 1942.5 1331.8 
0.0020491 7627.2 7022.9 6369.9 5671.9 4937.1 4178.8 3416.0 2672.8 1976.6 1355.2 
0.0020905 7760.6 7145.7 6481.2 5771.0 5023.4 4251.9 3475.7 2719.5 2011.2 1378.9 
0.0021328 7895.8 7270.3 6594.2 5871.6 5111.0 4326.0 3536.3 2766.9 2046.2 1402.9 
0.0021758 8033.1 7396.6 6708.8 5973.7 5199.8 4401.2 3597.8 2815.0 2081.8 1427.3 
0.0022198 8172.2 7524.8 6825.0 6077.2 5289.9 4477.4 3660.1 2863.8 2117.9 1452.0 
0.0022646 8313.4 7654.8 6942.9 6182.2 5381.3 4554.8 3723.3 2913.3 2154.5 1477.1 
0.0023104 8456.5 7786.6 7062.5 6288.6 5473.9 4633.2 3787.5 2963.4 2191.6 1502.6 
0.0023571 8601.7 7920.2 7183.7 6396.5 5567.9 4712.7 3852.5 3014.3 2229.2 1528.4 
0.0024047 8748.8 8055.7 7306.6 6506.0 5663.1 4793.3 3918.4 3065.9 2267.3 1554.5 
0.0024533 8897.9 8193.0 7431.1 6616.9 5759.7 4875.0 3985.2 3118.1 2306.0 1581.0 
0.0025028 9049.1 8332.2 7557.4 6729.3 5857.5 4957.9 4052.9 3171.1 2345.2 1607.9 
0.0025534 9202.2 8473.2 7685.3 6843.2 5956.6 5041.8 4121.5 3224.8 2384.9 1635.1 
0.002605 9357.4 8616.1 7814.9 6958.5 6057.1 5126.8 4191.0 3279.2 2425.1 1662.7 
0.0026576 9514.6 8760.8 7946.1 7075.4 6158.8 5212.9 4261.4 3334.3 2465.8 1690.6 
0.0027113 9673.8 8907.4 8079.1 7193.8 6261.9 5300.2 4332.7 3390.1 2507.1 1718.9 
0.002766 9835.0 9055.9 8213.7 7313.7 6366.3 5388.5 4404.9 3446.6 2548.9 1747.6 
0.0028219 9998.3 9206.2 8350.1 7435.1 6471.9 5477.9 4478.0 3503.8 2591.2 1776.6 
0.0028789 10164.0 9358.3 8488.1 7558.0 6578.9 5568.5 4552.0 3561.7 2634.0 1806.0 
0.0029371 10331.0 9512.4 8627.8 7682.4 6687.2 5660.1 4627.0 3620.3 2677.4 1835.7 
0.0029964 10500.0 9668.2 8769.2 7808.3 6796.8 5752.9 4702.8 3679.7 2721.3 1865.8 
0.0030569 10671.0 9826.0 8912.2 7935.7 6907.7 5846.7 4779.5 3739.7 2765.7 1896.2 
0.0031187 10845.0 9985.5 9057.0 8064.6 7019.8 5941.7 4857.1 3800.4 2810.6 1927.0 
0.0031817 11020.0 10147.0 9203.3 8194.9 7133.3 6037.7 4935.6 3861.8 2856.0 1958.2 
0.003246 11197.0 10310.0 9351.3 8326.6 7248.0 6134.8 5015.0 3923.9 2901.9 1989.7 
0.0033115 11376.0 10475.0 9500.9 8459.9 7363.9 6232.9 5095.2 3986.7 2948.4 2021.5 
0.0033784 11557.0 10642.0 9652.1 8594.5 7481.1 6332.2 5176.3 4050.2 2995.3 2053.7 
0.0034467 11740.0 10810.0 9805.0 8730.6 7599.6 6432.4 5258.3 4114.3 3042.8 2086.2 
0.0035163 11925.0 10981.0 9959.5 8868.2 7719.4 6533.8 5341.1 4179.2 3090.7 2119.1 
0.0035874 12112.0 11153.0 10116.0 9007.2 7840.3 6636.2 5424.8 4244.6 3139.1 2152.3 
0.0036598 12301.0 11326.0 10273.0 9147.5 7962.5 6739.6 5509.4 4310.8 3188.0 2185.8 
0.0037338 12492.0 11502.0 10432.0 9289.3 8085.9 6844.0 5594.7 4377.5 3237.4 2219.7 
0.0038092 12684.0 11679.0 10593.0 9432.3 8210.3 6949.3 5680.8 4444.9 3287.3 2253.9 
0.0038861 12878.0 11858.0 10755.0 9576.5 8335.9 7055.6 5767.7 4512.9 3337.5 2288.3 
0.0039646 13073.0 12037.0 10918.0 9721.8 8462.4 7162.7 5855.3 4581.5 3388.3 2323.1 
0.0040447 13270.0 12219.0 11083.0 9868.3 8590.0 7270.8 5943.7 4650.6 3439.4 2358.2 
0.0041264 13469.0 12402.0 11249.0 10016.0 8718.8 7379.8 6032.8 4720.4 3491.0 2393.6 
0.0042098 13670.0 12587.0 11416.0 10166.0 8848.8 7489.8 6122.8 4790.8 3543.1 2429.3 
0.0042948 13873.0 12774.0 11586.0 10317.0 8980.2 7601.0 6213.6 4861.8 3595.6 2465.3 
0.0043816 14079.0 12963.0 11758.0 10469.0 9113.1 7713.4 6305.3 4933.5 3648.6 2501.6 
0.0044701 14287.0 13155.0 11931.0 10624.0 9247.1 7826.7 6397.8 5005.8 3702.0 2538.2 
0.0045604 14495.0 13346.0 12105.0 10778.0 9381.6 7940.5 6490.8 5078.5 3755.7 2575.0 
0.0046525 14703.0 13538.0 12278.0 10933.0 9516.2 8054.4 6584.0 5151.4 3809.6 2612.0 
0.0047465 14908.0 13727.0 12451.0 11086.0 9650.2 8168.0 6677.0 5224.4 3863.7 2649.1 
0.0048424 15111.0 13914.0 12621.0 11238.0 9783.0 8280.9 6769.7 5297.2 3917.8 2686.3 
0.0049402 15311.0 14099.0 12789.0 11389.0 9915.0 8393.3 6862.2 5370.0 3971.9 2723.6 
0.00504 15511.0 14284.0 12958.0 11540.0 10047.0 8505.8 6954.8 5443.0 4026.2 2761.1 
0.0051419 15712.0 14470.0 13127.0 11692.0 10180.0 8618.9 7047.9 5516.3 4080.9 2798.8 
0.0052457 15916.0 14658.0 13299.0 11845.0 10314.0 8733.3 7141.9 5590.3 4135.9 2836.7 
0.0053517 16125.0 14851.0 13474.0 12002.0 10451.0 8849.4 7237.2 5665.1 4191.4 2874.9 
0.0054598 16338.0 15048.0 13653.0 12161.0 10590.0 8967.2 7333.6 5740.7 4247.4 2913.3 
0.0055701 16555.0 15247.0 13834.0 12322.0 10730.0 9086.1 7430.9 5816.9 4303.7 2951.9 
0.0056826 16773.0 15449.0 14016.0 12485.0 10872.0 9205.8 7528.7 5893.4 4360.3 2990.8 
0.0057974 16992.0 15650.0 14199.0 12648.0 11014.0 9325.8 7626.8 5970.1 4417.1 3029.7 
0.0059145 17211.0 15852.0 14382.0 12810.0 11155.0 9445.7 7724.9 6046.9 4473.9 3068.6 
0.006034 17429.0 16052.0 14564.0 12973.0 11297.0 9565.5 7822.9 6123.7 4530.7 3107.6 
0.0061559 17646.0 16252.0 14746.0 13135.0 11438.0 9685.1 7920.8 6200.4 4587.5 3146.6 
0.0062803 17863.0 16452.0 14927.0 13297.0 11579.0 9804.7 8018.8 6277.2 4644.4 3185.6 
0.0064072 18080.0 16652.0 15109.0 13458.0 11720.0 9924.3 8116.7 6353.9 4701.2 3224.7 
0.0065366 18297.0 16852.0 15291.0 13620.0 11861.0 10044.0 8214.6 6430.6 4758.0 3263.7 
0.0066686 18514.0 17053.0 15472.0 13782.0 12002.0 10164.0 8312.5 6507.3 4814.8 3302.7 
0.0068033 18731.0 17252.0 15654.0 13944.0 12143.0 10283.0 8410.3 6583.9 4871.5 3341.6 
0.0069408 18947.0 17452.0 15835.0 14105.0 12284.0 10402.0 8507.8 6660.4 4928.1 3380.4 
0.007081 19163.0 17651.0 16015.0 14266.0 12424.0 10521.0 8605.1 6736.6 4984.6 3419.2 
0.007224 19378.0 17849.0 16195.0 14427.0 12564.0 10639.0 8702.0 6812.5 5040.8 3457.8 
0.00737 19592.0 18046.0 16374.0 14586.0 12703.0 10757.0 8798.5 6888.1 5096.8 3496.2 
0.0075189 19804.0 18242.0 16552.0 14745.0 12841.0 10874.0 8894.4 6963.3 5152.5 3534.5 
0.0076708 20016.0 18436.0 16729.0 14902.0 12978.0 10991.0 8989.8 7038.1 5207.9 3572.5 
0.0078257 20225.0 18630.0 16904.0 15059.0 13115.0 11107.0 9084.6 7112.3 5262.9 3610.3 
0.0079838 20434.0 18822.0 17079.0 15214.0 13250.0 11222.0 9178.7 7186.1 5317.5 3647.8 
0.0081451 20640.0 19012.0 17251.0 15369.0 13385.0 11335.0 9272.0 7259.2 5371.7 3685.0 
0.0083096 20845.0 19201.0 17423.0 15521.0 13518.0 11448.0 9364.4 7331.7 5425.4 3721.9 
0.0084775 21047.0 19387.0 17592.0 15672.0 13650.0 11560.0 9455.9 7403.4 5478.5 3758.4 
0.0086488 21247.0 19572.0 17760.0 15822.0 13780.0 11671.0 9546.4 7474.4 5531.1 3794.4 
0.0088235 21445.0 19754.0 17925.0 15969.0 13909.0 11780.0 9635.8 7544.4 5583.0 3830.1 
0.0090017 21640.0 19934.0 18088.0 16115.0 14036.0 11887.0 9724.0 7613.6 5634.3 3865.3 
0.0091836 21832.0 20111.0 18249.0 16258.0 14161.0 11993.0 9810.8 7681.7 5684.7 3900.0 
0.0093691 22020.0 20285.0 18407.0 16399.0 14284.0 12098.0 9896.3 7748.7 5734.4 3934.1 
0.0095583 22206.0 20456.0 18563.0 16538.0 14404.0 12200.0 9980.3 7814.6 5783.3 3967.7 
0.0097514 22388.0 20623.0 18715.0 16674.0 14523.0 12301.0 10063.0 7879.3 5831.2 4000.6 
0.0099484 22566.0 20788.0 18864.0 16807.0 14639.0 12399.0 10144.0 7942.6 5878.2 4032.9 
0.010149 22740.0 20948.0 19010.0 16937.0 14753.0 12496.0 10222.0 8004.6 5924.1 4064.4 
0.010354 22910.0 21105.0 19152.0 17064.0 14863.0 12590.0 10300.0 8065.0 5968.9 4095.3 
0.010564 23075.0 21257.0 19291.0 17188.0 14971.0 12681.0 10375.0 8124.0 6012.6 4125.3 
0.010777 23236.0 21405.0 19426.0 17308.0 15076.0 12770.0 10448.0 8181.2 6055.1 4154.5 
0.010995 23391.0 21549.0 19556.0 17424.0 15178.0 12857.0 10518.0 8236.8 6096.3 4182.8 
0.011217 23542.0 21688.0 19682.0 17537.0 15276.0 12940.0 10587.0 8290.5 6136.2 4210.2 
0.011443 23687.0 21821.0 19804.0 17645.0 15371.0 13020.0 10653.0 8342.4 6174.7 4236.7 
0.011675 23826.0 21950.0 19921.0 17750.0 15462.0 13098.0 10716.0 8392.2 6211.6 4262.1 
0.01191 23959.0 22073.0 20032.0 17850.0 15549.0 13172.0 10777.0 8439.9 6247.1 4286.5 
0.012151 24086.0 22190.0 20139.0 17945.0 15632.0 13243.0 10835.0 8485.5 6280.9 4309.8 
0.012397 24207.0 22301.0 20240.0 18035.0 15711.0 13310.0 10890.0 8528.8 6313.1 4331.9 
0.012647 24320.0 22406.0 20335.0 18120.0 15786.0 13373.0 10942.0 8569.7 6343.5 4352.8 
0.012902 24427.0 22504.0 20425.0 18200.0 15856.0 13432.0 10991.0 8608.1 6372.0 4372.5 
0.013163 24526.0 22596.0 20508.0 18275.0 15921.0 13488.0 11037.0 8644.0 6398.7 4390.9 
0.013429 24618.0 22681.0 20585.0 18344.0 15981.0 13539.0 11079.0 8677.2 6423.4 4407.9 
0.0137 24701.0 22758.0 20656.0 18407.0 16036.0 13586.0 11118.0 8707.7 6446.1 4423.6 
0.013977 24777.0 22828.0 20720.0 18464.0 16086.0 13629.0 11153.0 8735.3 6466.7 4437.8 
0.014259 24844.0 22890.0 20776.0 18515.0 16131.0 13667.0 11184.0 8760.0 6485.1 4450.5 
0.014547 24903.0 22944.0 20826.0 18559.0 16170.0 13700.0 11211.0 8781.6 6501.2 4461.6 
0.014841 24952.0 22990.0 20867.0 18596.0 16203.0 13728.0 11234.0 8800.1 6515.0 4471.2 
0.015141 24993.0 23028.0 20902.0 18627.0 16230.0 13751.0 11254.0 8815.3 6526.5 4479.1 
0.015447 25023.0 23056.0 20928.0 18651.0 16251.0 13769.0 11269.0 8827.3 6535.4 4485.4 
0.015759 25045.0 23076.0 20946.0 18667.0 16265.0 13782.0 11279.0 8835.8 6541.9 4489.9 
0.016077 25056.0 23086.0 20956.0 18676.0 16273.0 13789.0 11285.0 8840.8 6545.8 4492.6 
0.016402 25057.0 23088.0 20957.0 18678.0 16275.0 13791.0 11287.0 8842.3 6547.0 4493.6 
0.016734 25047.0 23079.0 20950.0 18671.0 16270.0 13787.0 11284.0 8840.0 6545.5 4492.6 
0.017072 25027.0 23061.0 20934.0 18657.0 16258.0 13777.0 11276.0 8834.1 6541.3 4489.8 
0.017416 24996.0 23033.0 20908.0 18635.0 16239.0 13761.0 11263.0 8824.3 6534.2 4485.1 
0.017768 24955.0 22994.0 20874.0 18604.0 16212.0 13739.0 11246.0 8810.7 6524.3 4478.3 
0.018127 24902.0 22946.0 20830.0 18566.0 16179.0 13711.0 11223.0 8793.1 6511.4 4469.6 
0.018493 24837.0 22887.0 20776.0 18518.0 16138.0 13676.0 11195.0 8771.6 6495.6 4458.9 
0.018867 24761.0 22817.0 20713.0 18463.0 16090.0 13636.0 11162.0 8746.0 6476.8 4446.1 
0.019248 24674.0 22737.0 20641.0 18398.0 16034.0 13589.0 11124.0 8716.3 6455.0 4431.2 
0.019637 24575.0 22646.0 20558.0 18325.0 15970.0 13535.0 11080.0 8682.5 6430.2 4414.3 
0.020034 24464.0 22544.0 20466.0 18243.0 15899.0 13475.0 11032.0 8644.6 6402.3 4395.2 
0.020438 24342.0 22431.0 20364.0 18152.0 15821.0 13409.0 10978.0 8602.5 6371.3 4374.0 
0.020851 24207.0 22308.0 20252.0 18053.0 15734.0 13336.0 10918.0 8556.2 6337.2 4350.7 
0.021272 24061.0 22173.0 20130.0 17945.0 15640.0 13257.0 10854.0 8505.8 6300.0 4325.3 
0.021702 23903.0 22028.0 19999.0 17828.0 15538.0 13171.0 10784.0 8451.2 6259.8 4297.8 
0.022141 23734.0 21872.0 19858.0 17702.0 15429.0 13079.0 10709.0 8392.5 6216.5 4268.2 
0.022588 23553.0 21705.0 19707.0 17568.0 15313.0 12980.0 10628.0 8329.8 6170.2 4236.5 
0.023044 23361.0 21528.0 19546.0 17425.0 15189.0 12875.0 10543.0 8263.0 6120.9 4202.8 
0.02351 23157.0 21341.0 19376.0 17274.0 15057.0 12764.0 10452.0 8192.3 6068.7 4167.1 
0.023985 22943.0 21144.0 19197.0 17115.0 14919.0 12647.0 10356.0 8117.7 6013.6 4129.3 
0.024469 22718.0 20937.0 19009.0 16947.0 14773.0 12524.0 10256.0 8039.3 5955.7 4089.7 
0.024964 22482.0 20720.0 18813.0 16773.0 14621.0 12396.0 10151.0 7957.2 5895.1 4048.2 
0.025468 22237.0 20494.0 18608.0 16590.0 14462.0 12261.0 10042.0 7871.6 5831.9 4004.8 
0.025982 21982.0 20259.0 18395.0 16401.0 14298.0 12122.0 9927.7 7782.6 5766.1 3959.8 
0.026507 21718.0 20016.0 18175.0 16204.0 14127.0 11977.0 9809.6 7690.3 5698.0 3913.1 
0.027043 21445.0 19765.0 17947.0 16002.0 13950.0 11828.0 9687.7 7595.0 5627.5 3864.8 
0.027589 21165.0 19506.0 17712.0 15793.0 13769.0 11674.0 9562.1 7496.8 5554.9 3815.0 
0.028146 20876.0 19241.0 17472.0 15578.0 13582.0 11517.0 9433.1 7395.9 5480.3 3763.9 
0.028715 20581.0 18969.0 17225.0 15359.0 13391.0 11355.0 9300.9 7292.5 5403.9 3711.4 
0.029295 20280.0 18692.0 16973.0 15134.0 13196.0 11190.0 9165.9 7186.9 5325.8 3657.9 
0.029887 19973.0 18409.0 16717.0 14906.0 12997.0 11021.0 9028.4 7079.3 5246.2 3603.3 
0.03049 19661.0 18122.0 16456.0 14674.0 12795.0 10850.0 8888.7 6970.0 5165.4 3547.9 
0.031106 19346.0 17831.0 16193.0 14439.0 12590.0 10677.0 8747.1 6859.3 5083.4 3491.7 
0.031735 19027.0 17537.0 15926.0 14202.0 12384.0 10502.0 8604.1 6747.3 5000.6 3434.8 
0.032376 18706.0 17242.0 15658.0 13963.0 12175.0 10326.0 8459.9 6634.5 4917.1 3377.5 
0.03303 18383.0 16944.0 15388.0 13722.0 11966.0 10149.0 8315.0 6521.1 4833.2 3320.0 
0.033697 18060.0 16646.0 15117.0 13481.0 11756.0 9971.3 8169.8 6407.4 4749.1 3262.2 
0.034378 17736.0 16348.0 14847.0 13241.0 11547.0 9793.7 8024.6 6293.7 4664.9 3204.5 
0.035072 17414.0 16051.0 14577.0 13000.0 11337.0 9616.6 7879.7 6180.3 4581.0 3146.8 
0.035781 17094.0 15756.0 14310.0 12762.0 11130.0 9440.5 7735.7 6067.5 4497.5 3089.5 
0.036504 16776.0 15464.0 14044.0 12525.0 10923.0 9265.9 7592.9 5955.7 4414.7 3032.7 
0.037241 16462.0 15175.0 13782.0 12291.0 10720.0 9093.5 7451.8 5845.2 4332.9 2976.5 
0.037993 16153.0 14890.0 13523.0 12061.0 10519.0 8923.6 7312.8 5736.4 4252.3 2921.2 
0.038761 15850.0 14610.0 13269.0 11835.0 10322.0 8756.7 7176.2 5629.4 4173.1 2866.8 
0.039544 15553.0 14336.0 13021.0 11613.0 10129.0 8593.1 7042.4 5524.6 4095.5 2813.5 
0.040343 15262.0 14068.0 12777.0 11396.0 9940.0 8433.0 6911.3 5421.9 4019.5 2761.3 
0.041158 14978.0 13806.0 12540.0 11184.0 9755.4 8276.5 6783.3 5321.6 3945.2 2710.2 
0.041989 14701.0 13551.0 12308.0 10978.0 9575.3 8123.9 6658.4 5223.8 3872.7 2660.5 
0.042838 14431.0 13302.0 12082.0 10777.0 9400.0 7975.4 6536.8 5128.6 3802.2 2612.0 
0.043703 14170.0 13062.0 11863.0 10582.0 9230.1 7831.4 6419.0 5036.2 3733.8 2565.1 
0.044586 13918.0 12830.0 11653.0 10394.0 9066.2 7692.6 6305.3 4947.2 3667.9 2519.8 
0.045486 13677.0 12607.0 11450.0 10213.0 8909.0 7559.3 6196.3 4861.7 3604.6 2476.3 
0.046405 13446.0 12394.0 11257.0 10041.0 8758.9 7432.1 6092.1 4780.1 3544.1 2434.8 
0.047343 13228.0 12193.0 11074.0 9877.6 8616.2 7311.1 5993.1 4702.5 3486.7 2395.3 
0.048299 13019.0 12000.0 10899.0 9721.7 8480.2 7195.8 5898.7 4628.6 3431.9 2357.7 
0.049275 12820.0 11817.0 10732.0 9572.8 8350.3 7085.6 5808.4 4557.9 3379.6 2321.8 
0.05027 12630.0 11641.0 10572.0 9430.1 8225.7 6980.0 5722.0 4490.1 3329.4 2287.4 
0.051286 12447.0 11472.0 10419.0 9292.9 8106.0 6878.5 5638.8 4425.0 3281.2 2254.3 
0.052322 12271.0 11310.0 10271.0 9160.8 7990.7 6780.7 5558.7 4362.2 3234.8 2222.4 
0.053379 12101.0 11153.0 10128.0 9033.4 7879.4 6686.2 5481.3 4301.6 3189.9 2191.7 
0.054457 11938.0 11001.0 9990.5 8910.1 7771.7 6594.9 5406.5 4243.0 3146.5 2161.9 
0.055557 11779.0 10855.0 9856.9 8790.7 7667.4 6506.3 5333.9 4186.1 3104.5 2133.1 
0.05668 11625.0 10712.0 9726.7 8674.2 7565.5 6419.8 5263.0 4130.6 3063.4 2104.9 
0.057825 11473.0 10571.0 9598.7 8559.7 7465.4 6334.8 5193.3 4076.0 3023.0 2077.3 
0.058993 11323.0 10432.0 9472.0 8446.3 7366.2 6250.5 5124.2 4021.9 2983.0 2049.8 
0.060184 11173.0 10294.0 9345.5 8333.1 7267.1 6166.3 5055.1 3967.8 2942.9 2022.4 
0.0614 11022.0 10154.0 9217.8 8218.7 7167.1 6081.2 4985.4 3913.1 2902.5 1994.7 
0.062641 10868.0 10011.0 9087.6 8102.1 7065.0 5994.4 4914.2 3857.2 2861.2 1966.3 
0.063906 10709.0 9864.3 8953.7 7982.1 6959.9 5905.1 4840.9 3799.7 2818.6 1937.2 
0.065197 10545.0 9712.0 8814.8 7857.7 6851.0 5812.5 4764.8 3740.1 2774.4 1906.9 
0.066514 10373.0 9553.0 8669.8 7727.9 6737.4 5715.8 4685.5 3677.8 2728.3 1875.2 
0.067858 10193.0 9386.3 8517.8 7591.8 6618.2 5614.5 4602.2 3612.5 2679.9 1842.0 
0.069229 10004.0 9211.0 8358.0 7448.7 6493.0 5508.0 4514.8 3543.8 2628.9 1807.0 
0.070627 9804.3 9026.5 8189.9 7298.3 6361.4 5396.0 4422.8 3471.5 2575.3 1770.1 
0.072054 9594.4 8832.5 8013.2 7140.2 6223.1 5278.3 4326.1 3395.6 2518.9 1731.3 
0.07351 9374.2 8629.0 7827.9 6974.5 6078.1 5155.1 4224.8 3315.9 2459.7 1690.6 
0.074994 9144.3 8416.7 7634.7 6801.8 5927.0 5026.6 4119.2 3232.9 2398.0 1648.1 
0.076509 8905.6 8196.3 7434.1 6622.5 5770.3 4893.3 4009.7 3146.7 2334.0 1603.9 
0.078055 8659.3 7969.1 7227.4 6437.8 5608.9 4756.0 3896.8 3057.9 2267.9 1558.4 
0.079632 8407.3 7736.6 7016.0 6249.0 5443.8 4615.6 3781.4 2967.0 2200.3 1511.7 
0.081241 8151.3 7500.4 6801.3 6057.2 5276.2 4473.1 3664.2 2874.8 2131.6 1464.3 
0.082882 7893.4 7262.6 6585.2 5864.2 5107.5 4329.6 3546.3 2781.9 2062.4 1416.5 
0.084556 7635.8 7025.0 6369.3 5671.5 4939.1 4186.4 3428.5 2689.1 1993.2 1368.8 
0.086264 7380.7 6789.9 6155.6 5480.6 4772.3 4044.6 3311.8 2597.1 1924.7 1321.4 
0.088007 7130.4 6559.2 5946.0 5293.5 4608.7 3905.4 3197.4 2506.9 1857.5 1274.9 
0.089785 6887.2 6334.9 5742.2 5111.5 4449.7 3770.2 3086.0 2419.2 1792.0 1229.7 
0.091598 6653.4 6119.4 5546.3 4936.6 4296.8 3640.0 2978.9 2334.7 1729.1 1186.2 
0.093449 6431.2 5914.5 5360.1 4770.2 4151.3 3516.2 2877.0 2254.4 1669.1 1144.7 
0.095337 6222.7 5722.2 5185.2 4613.9 4014.6 3399.8 2781.2 2178.8 1612.7 1105.7 
0.097263 6029.5 5543.8 5023.0 4468.8 3887.6 3291.7 2692.1 2108.5 1560.3 1069.5 
0.099227 5853.0 5380.8 4874.6 4336.0 3771.3 3192.6 2610.4 2044.1 1512.3 1036.3 
0.10123 5694.0 5233.8 4740.6 4216.1 3666.2 3102.9 2536.5 1985.7 1468.8 1006.2 
0.10328 5552.1 5102.5 4620.8 4108.6 3571.9 3022.4 2470.1 1933.4 1429.7 979.28 
0.10536 5427.0 4986.4 4514.7 4013.4 3488.2 2950.9 2411.1 1886.8 1395.0 955.36 
0.10749 5316.7 4884.1 4421.0 3929.0 3413.9 2887.4 2358.7 1845.4 1364.2 934.15 
0.10966 5219.1 4793.2 4337.6 3853.8 3347.6 2830.6 2311.7 1808.3 1336.7 915.22 
0.11188 5131.5 4711.4 4262.4 3785.9 3287.6 2779.2 2269.1 1774.7 1311.7 898.09 
0.11414 5050.7 4635.9 4192.8 3723.0 3231.9 2731.3 2229.5 1743.5 1288.5 882.18 
0.11644 4973.6 4563.7 4126.2 3662.6 3178.4 2685.3 2191.5 1713.4 1266.2 866.91 
0.1188 4896.9 4491.9 4060.0 3602.6 3125.3 2639.6 2153.6 1683.5 1244.0 851.72 
0.1212 4817.6 4417.8 3991.7 3540.7 3070.5 2592.5 2114.6 1652.7 1221.1 836.05 
0.12365 4733.1 4338.9 3919.0 3475.0 3012.4 2542.7 2073.3 1620.1 1196.9 819.42 
0.12614 4640.9 4253.0 3840.2 3403.9 2949.7 2488.9 2028.8 1584.9 1170.7 801.41 
0.12869 4539.4 4158.7 3753.9 3326.2 2881.2 2430.2 1980.3 1546.6 1142.1 781.72 
0.13129 4427.6 4055.1 3659.2 3241.2 2806.4 2366.3 1927.4 1504.8 1110.9 760.2 
0.13394 4305.6 3942.3 3556.3 3149.0 2725.5 2297.2 1870.3 1459.7 1077.2 736.86 
0.13665 4174.6 3821.4 3446.2 3050.4 2639.2 2223.5 1809.5 1411.6 1041.2 711.92 
0.13941 4036.7 3694.2 3330.6 2947.1 2548.7 2146.4 1745.9 1361.2 1003.5 685.75 
0.14223 3894.8 3563.4 3211.9 2841.0 2455.9 2067.3 1680.6 1309.6 964.83 658.89 
0.1451 3752.1 3432.2 3092.7 2734.7 2362.9 1988.1 1615.2 1257.8 926.04 631.92 
0.14803 3612.4 3303.5 2975.9 2630.5 2271.8 1910.5 1551.2 1207.1 888.04 605.48 
0.15102 3479.0 3180.7 2864.5 2531.0 2184.8 1836.4 1490.0 1158.7 851.71 580.21 
0.15407 3355.1 3066.6 2760.8 2438.4 2103.9 1767.3 1433.1 1113.6 817.87 556.68 
0.15718 3243.3 2963.5 2667.1 2354.6 2030.4 1704.7 1381.3 1072.6 787.15 535.33 
0.16036 3145.0 2872.7 2584.4 2280.6 1965.5 1649.3 1335.5 1036.3 759.96 516.46 
0.1636 3060.6 2794.6 2513.1 2216.6 1909.3 1601.2 1295.7 1004.8 736.37 500.12 
0.1669 2989.0 2728.1 2452.2 2161.8 1861.1 1559.8 1261.5 977.67 716.11 486.12 
0.17028 2928.0 2671.3 2400.1 2114.7 1819.5 1524.1 1231.8 954.21 698.6 474.06 
0.17371 2874.7 2621.5 2354.2 2073.2 1782.6 1492.4 1205.5 933.38 683.09 463.41 
0.17722 2825.7 2575.6 2311.8 2034.7 1748.5 1463.0 1181.1 914.05 668.7 453.55 
0.1808 2777.5 2530.5 2270.2 1996.9 1715.0 1434.1 1157.1 895.06 654.57 443.87 
0.18446 2726.9 2483.2 2226.6 1957.5 1680.1 1404.1 1132.2 875.3 639.86 433.78 
0.18818 2671.0 2431.2 2178.9 1914.4 1642.1 1371.5 1105.1 853.88 623.87 422.76 
0.19198 2608.0 2372.8 2125.5 1866.5 1599.9 1335.3 1075.2 830.18 606.15 410.51 
0.19586 2537.7 2307.8 2066.3 1813.5 1553.4 1295.6 1042.4 804.14 586.63 396.97 
0.19982 2461.4 2237.4 2002.3 1756.3 1503.3 1252.9 1007.1 776.19 565.66 382.38 
0.20386 2381.5 2163.9 1935.7 1696.8 1451.3 1208.6 970.5 747.17 543.86 367.19 
0.20797 2301.2 2090.2 1868.7 1637.1 1399.2 1164.2 933.86 718.12 522.02 351.95 
0.21218 2223.8 2018.9 1804.2 1579.6 1348.9 1121.4 898.5 690.08 500.94 337.24 
0.21646 2151.9 1952.8 1744.2 1526.0 1302.1 1081.5 865.58 663.98 481.32 323.56 
0.22083 2087.6 1893.6 1690.3 1478.0 1260.1 1045.6 835.95 640.49 463.69 311.28 
0.2253 2031.8 1842.0 1643.4 1436.0 1223.3 1014.2 809.98 619.9 448.25 300.56 
0.22985 1984.0 1797.7 1603.0 1399.7 1191.4 986.98 787.44 602.05 434.89 291.31 
0.23449 1942.3 1759.1 1567.7 1367.9 1163.4 963.01 767.61 586.35 423.17 283.23 
0.23923 1904.6 1724.0 1535.5 1339.0 1137.9 941.12 749.48 572.0 412.47 275.87 
0.24406 1868.0 1690.0 1504.4 1310.9 1113.2 919.93 731.94 558.13 402.14 268.77 
0.24899 1830.1 1654.8 1472.2 1282.0 1087.7 898.15 713.93 543.87 391.5 261.45 
0.25402 1788.9 1616.7 1437.4 1250.8 1060.4 874.8 694.63 528.6 380.08 253.55 
0.25915 1743.8 1575.1 1399.6 1217.1 1030.8 849.61 673.84 512.14 367.75 244.99 
0.26439 1696.0 1531.1 1359.7 1181.5 999.74 823.12 651.99 494.84 354.76 235.95 
0.26973 1647.4 1486.5 1319.2 1145.4 968.27 796.35 629.92 477.35 341.63 226.79 
0.27518 1600.1 1443.0 1279.8 1110.3 937.65 770.31 608.45 460.34 328.85 217.88 
0.28074 1555.7 1402.2 1242.8 1077.4 908.92 745.87 588.3 444.39 316.87 209.53 
0.28641 1515.7 1365.3 1209.3 1047.5 882.84 723.67 570.01 429.92 306.02 201.99 
0.29219 1480.2 1332.6 1179.6 1021.0 859.65 703.92 553.73 417.05 296.4 195.32 
0.2981 1448.4 1303.3 1152.9 997.11 838.79 686.15 539.09 405.49 287.77 189.37 
0.30412 1418.7 1275.8 1128.0 974.76 819.23 669.49 525.37 394.66 279.71 183.82 
0.31026 1389.4 1248.7 1103.3 952.76 800.0 653.12 511.89 384.04 271.79 178.37 
0.31653 1359.3 1221.0 1078.2 930.3 780.39 636.44 498.18 373.22 263.73 172.8 
0.32292 1327.9 1192.1 1052.0 906.98 760.07 619.18 483.98 362.02 255.36 167.0 
0.32945 1295.6 1162.4 1025.0 883.0 739.19 601.47 469.43 350.53 246.76 161.03 
0.3361 1263.3 1132.8 998.21 859.18 718.47 583.89 454.99 339.13 238.23 155.1 
0.34289 1232.5 1104.4 972.57 836.39 698.65 567.08 441.19 328.25 230.09 149.45 
0.34982 1203.7 1078.0 948.66 815.13 680.16 551.42 428.34 318.12 222.53 144.21 
0.35689 1177.2 1053.6 926.58 795.51 663.1 536.96 416.49 308.79 215.58 139.41 
0.36409 1152.5 1030.9 906.04 777.25 647.23 523.52 405.48 300.14 209.15 134.98 
0.37145 1128.8 1009.2 886.34 759.74 632.02 510.65 394.95 291.88 203.01 130.76 
0.37895 1105.3 987.58 866.8 742.4 616.97 497.92 384.55 283.71 196.95 126.59 
0.38661 1081.6 965.83 847.15 724.97 601.86 485.15 374.11 275.53 190.86 122.39 
0.39442 1057.9 944.03 827.46 707.52 586.73 472.38 363.68 267.34 184.78 118.19 
0.40239 1034.5 922.58 808.1 690.37 571.88 459.85 353.45 259.32 178.81 114.07 
0.41052 1012.0 902.01 789.54 673.94 557.67 447.86 343.67 251.66 173.12 110.14 
0.41881 990.75 882.52 771.95 658.38 544.21 436.53 334.44 244.44 167.77 106.46 
0.42727 970.54 864.01 755.26 643.61 531.46 425.8 325.71 237.62 162.73 103.0 
0.4359 951.08 846.2 739.21 629.43 519.22 415.51 317.35 231.1 157.91 99.705 
0.44471 931.97 828.71 723.45 615.51 507.22 405.43 309.18 224.73 153.21 96.486 
0.45369 913.06 811.4 707.88 601.77 495.38 395.49 301.12 218.45 148.58 93.313 
0.46286 894.43 794.37 692.55 588.26 483.75 385.73 293.21 212.3 144.04 90.202 
0.47221 876.27 777.78 677.63 575.11 472.44 376.26 285.54 206.34 139.65 87.194 
0.48174 858.79 761.81 663.28 562.47 461.58 367.17 278.2 200.64 135.46 84.331 
0.49148 841.94 746.43 649.47 550.32 451.15 358.46 271.17 195.2 131.46 81.608 
0.50141 825.6 731.52 636.09 538.57 441.07 350.05 264.4 189.96 127.63 78.997 
0.51153 809.62 716.95 623.02 527.09 431.25 341.86 257.81 184.87 123.9 76.467 
0.52187 793.92 702.64 610.2 515.84 421.62 333.84 251.37 179.9 120.27 73.999 
0.53241 778.56 688.65 597.67 504.86 412.24 326.03 245.1 175.07 116.75 71.608 
0.54317 763.6 675.04 585.48 494.18 403.13 318.46 239.04 170.41 113.35 69.305 
0.55414 749.08 661.83 573.67 483.85 394.32 311.16 233.2 165.92 110.09 67.102 
0.56533 734.93 648.96 562.18 473.81 385.77 304.07 227.54 161.59 106.95 64.984 
0.57675 721.1 636.4 550.97 464.01 377.45 297.19 222.06 157.4 103.91 62.939 
0.5884 707.55 624.1 539.99 454.44 369.32 290.48 216.72 153.32 100.96 60.957 
0.60029 694.29 612.08 529.27 445.1 361.4 283.94 211.53 149.37 98.108 59.042 
0.61242 681.33 600.33 518.81 436.0 353.69 277.59 206.5 145.54 95.353 57.197 
0.62479 668.68 588.87 508.61 427.13 346.19 271.43 201.62 141.84 92.695 55.422 
0.63741 656.29 577.66 498.65 418.48 338.88 265.43 196.88 138.25 90.126 53.709 
0.65029 644.16 566.69 488.91 410.03 331.76 259.59 192.28 134.78 87.642 52.057 
0.66342 632.28 555.95 479.38 401.77 324.81 253.9 187.82 131.41 85.24 50.464 
0.67683 620.63 545.44 470.06 393.71 318.04 248.37 183.47 128.14 82.916 48.926 
0.6905 609.21 535.14 460.94 385.83 311.42 242.97 179.25 124.98 80.668 47.442 
0.70445 598.01 525.05 452.01 378.12 304.96 237.71 175.14 121.9 78.493 46.01 
0.71868 587.02 515.15 443.26 370.58 298.65 232.59 171.15 118.92 76.388 44.628 
0.7332 576.22 505.44 434.69 363.2 292.49 227.59 167.26 116.02 74.35 43.295 
0.74801 565.62 495.92 426.29 355.97 286.46 222.71 163.47 113.21 72.378 42.007 
0.76312 555.21 486.57 418.05 348.9 280.57 217.95 159.79 110.48 70.467 40.764 
0.77854 544.97 477.38 409.97 341.97 274.81 213.3 156.2 107.83 68.618 39.564 
0.79426 534.9 468.36 402.04 335.17 269.17 208.76 152.7 105.25 66.825 38.405 
0.81031 525.0 459.5 394.25 328.51 263.65 204.32 149.29 102.75 65.089 37.286 
0.82668 515.25 450.78 386.6 321.98 258.25 199.99 145.97 100.31 63.406 36.205 
0.84338 505.65 442.21 379.09 315.57 252.96 195.75 142.73 97.943 61.775 35.161 
0.86041 496.2 433.77 371.71 309.28 247.77 191.6 139.56 95.639 60.194 34.152 
0.8778 486.89 425.47 364.45 303.1 242.69 187.55 136.48 93.397 58.66 33.178 
0.89553 477.72 417.3 357.31 297.03 237.7 183.58 133.47 91.214 57.172 32.236 
0.91362 468.67 409.25 350.29 291.08 232.82 179.69 130.52 89.089 55.729 31.325 
0.93208 459.75 401.32 343.38 285.22 228.02 175.89 127.65 87.02 54.328 30.445 
0.95091 450.95 393.51 336.58 279.47 223.32 172.16 124.84 85.004 52.968 29.594 
0.97011 442.28 385.81 329.89 273.81 218.7 168.51 122.1 83.039 51.648 28.771 
0.98971 433.71 378.22 323.29 268.24 214.16 164.93 119.41 81.123 50.365 27.975 
1.0097 425.26 370.74 316.8 262.77 209.71 161.43 116.79 79.255 49.119 27.204 
1.0301 416.91 363.36 310.41 257.38 205.33 157.99 114.22 77.433 47.907 26.459 
1.0509 408.67 356.08 304.1 252.08 201.03 154.61 111.71 75.655 46.73 25.737 
1.0721 400.53 348.9 297.89 246.86 196.8 151.3 109.25 73.92 45.585 25.038 
1.0938 392.49 341.81 291.77 241.72 192.65 148.05 106.84 72.226 44.472 24.362 
1.1159 384.55 334.81 285.73 236.67 188.56 144.86 104.49 70.572 43.388 23.706 
1.1384 376.7 327.91 279.78 231.68 184.55 141.73 102.18 68.957 42.334 23.072 
1.1614 368.95 321.1 273.91 226.78 180.6 138.66 99.913 67.379 41.308 22.457 
1.1849 361.29 314.37 268.12 221.95 176.71 135.64 97.695 65.836 40.309 21.86 
1.2088 353.72 307.73 262.41 217.18 172.89 132.67 95.522 64.329 39.336 21.283 
1.2333 346.24 301.17 256.78 212.49 169.12 129.76 93.391 62.855 38.389 20.722 
1.2582 338.85 294.7 251.23 207.87 165.42 126.9 91.301 61.413 37.465 20.179 
1.2836 331.55 288.31 245.75 203.32 161.78 124.08 89.252 60.003 36.565 19.652 
1.3095 324.33 282.0 240.35 198.83 158.19 121.32 87.242 58.623 35.688 19.14 
1.336 317.2 275.77 235.02 194.41 154.66 118.6 85.27 57.273 34.832 18.644 
1.363 310.15 269.62 229.76 190.05 151.19 115.93 83.334 55.951 33.997 18.161 
1.3905 303.19 263.55 224.58 185.75 147.77 113.3 81.435 54.657 33.183 17.693 
1.4186 296.32 257.56 219.46 181.52 144.4 110.72 79.572 53.39 32.389 17.239 
1.4472 289.53 251.64 214.42 177.35 141.09 108.18 77.742 52.15 31.613 16.797 
1.4765 282.82 245.8 209.44 173.24 137.83 105.68 75.947 50.935 30.856 16.368 
1.5063 276.2 240.05 204.54 169.2 134.62 103.23 74.184 49.744 30.116 15.951 
1.5367 269.66 234.36 199.7 165.21 131.46 100.82 72.453 48.578 29.394 15.545 
1.5678 263.21 228.76 194.94 161.28 128.35 98.445 70.753 47.435 28.689 15.151 
1.5994 256.85 223.23 190.24 157.41 125.29 96.112 69.084 46.315 28.0 14.767 
1.6318 250.57 217.78 185.61 153.6 122.28 93.818 67.446 45.217 27.326 14.394 
1.6647 244.37 212.41 181.05 149.85 119.31 91.563 65.837 44.141 26.668 14.03 
1.6984 238.27 207.11 176.55 146.15 116.4 89.346 64.257 43.086 26.024 13.677 
1.7327 232.25 201.9 172.12 142.51 113.53 87.167 62.705 42.051 25.395 13.332 
1.7677 226.32 196.76 167.76 138.93 110.71 85.024 61.182 41.037 24.779 12.997 
1.8034 220.48 191.69 163.47 135.41 107.93 82.919 59.686 40.043 24.177 12.671 
1.8398 214.73 186.71 159.25 131.94 105.2 80.849 58.217 39.068 23.588 12.352 
1.877 209.06 181.81 155.09 128.53 102.52 78.815 56.775 38.112 23.012 12.042 
1.9149 203.49 176.98 151.0 125.18 99.879 76.817 55.359 37.175 22.449 11.74 
1.9536 198.01 172.24 146.98 121.88 97.285 74.854 53.968 36.256 21.897 11.446 
1.993 192.62 167.57 143.03 118.64 94.736 72.925 52.604 35.354 21.357 11.158 
2.0333 187.33 162.98 139.15 115.45 92.232 71.031 51.264 34.47 20.829 10.878 
2.0744 182.12 158.48 135.33 112.32 89.772 69.171 49.949 33.603 20.312 10.605 
2.1163 177.01 154.05 131.58 109.25 87.356 67.344 48.659 32.753 19.805 10.339 
2.159 171.99 149.71 127.9 106.23 84.983 65.551 47.393 31.92 19.31 10.078 
2.2026 167.07 145.44 124.28 103.27 82.655 63.791 46.15 31.103 18.825 9.8246 
2.2471 162.24 141.26 120.74 100.36 80.369 62.064 44.932 30.302 18.35 9.5768 
2.2925 157.51 137.16 117.26 97.509 78.127 60.37 43.736 29.516 17.885 9.3349 
2.3388 152.87 133.14 113.85 94.712 75.928 58.708 42.564 28.746 17.429 9.0987 
2.3861 148.32 129.2 110.51 91.97 73.771 57.078 41.414 27.992 16.983 8.8681 
2.4343 143.87 125.34 107.24 89.283 71.657 55.479 40.286 27.252 16.547 8.6428 
2.4835 139.52 121.56 104.04 86.65 69.585 53.913 39.181 26.527 16.119 8.4228 
2.5336 135.26 117.87 100.9 84.072 67.554 52.377 38.098 25.816 15.701 8.2079 
2.5848 131.09 114.25 97.829 81.548 65.566 50.873 37.037 25.12 15.291 7.9979 
2.637 127.02 110.72 94.827 79.079 63.62 49.399 35.997 24.438 14.889 7.7927 
2.6903 123.04 107.27 91.892 76.663 61.714 47.956 34.978 23.77 14.497 7.5921 
2.7447 119.16 103.89 89.024 74.301 59.85 46.544 33.981 23.116 14.112 7.3962 
2.8001 115.36 100.6 86.222 71.993 58.027 45.162 33.004 22.475 13.735 7.2047 
2.8567 111.66 97.382 83.486 69.737 56.245 43.809 32.048 21.848 13.367 7.0175 
2.9144 108.05 94.245 80.816 67.535 54.503 42.486 31.112 21.234 13.006 6.8345 
2.9733 104.53 91.186 78.211 65.384 52.8 41.193 30.197 20.633 12.653 6.6556 
3.0333 101.11 88.204 75.67 63.285 51.138 39.928 29.301 20.045 12.307 6.4807 
3.0946 97.765 85.298 73.192 61.238 49.514 38.693 28.425 19.469 11.969 6.3097 
3.1571 94.512 82.468 70.778 59.241 47.93 37.486 27.568 18.906 11.638 6.1426 
3.2209 91.345 79.712 68.427 57.295 46.384 36.307 26.731 18.355 11.314 5.9792 
3.286 88.264 77.029 66.137 55.398 44.876 35.156 25.913 17.816 10.998 5.8194 
3.3523 85.268 74.419 63.908 53.552 43.407 34.033 25.114 17.29 10.688 5.6632 
3.4201 82.355 71.881 61.74 51.753 41.974 32.937 24.334 16.775 10.385 5.5105 
3.4892 79.523 69.414 59.631 50.003 40.579 31.869 23.572 16.272 10.089 5.3612 
3.5596 76.772 67.016 57.581 48.301 39.221 30.827 22.828 15.78 9.7988 5.2153 
3.6316 74.1 64.687 55.588 46.645 37.898 29.813 22.102 15.3 9.5156 5.0726 
3.7049 71.506 62.425 53.653 45.036 36.611 28.824 21.394 14.831 9.2388 4.9331 
3.7798 68.989 60.229 51.773 43.472 35.36 27.861 20.704 14.373 8.9683 4.7967 
3.8561 66.547 58.098 49.948 41.952 34.143 26.923 20.03 13.926 8.7039 4.6634 
3.934 64.178 56.031 48.177 40.477 32.96 26.011 19.374 13.49 8.4456 4.5332 
4.0135 61.881 54.027 46.459 39.045 31.81 25.123 18.735 13.064 8.1934 4.4058 
4.0946 59.655 52.083 44.793 37.655 30.694 24.26 18.112 12.649 7.947 4.2814 
4.1773 57.498 50.2 43.177 36.307 29.61 23.421 17.506 12.244 7.7065 4.1598 
4.2617 55.409 48.375 41.612 34.999 28.558 22.606 16.916 11.85 7.4717 4.041 
4.3478 53.386 46.608 40.095 33.732 27.537 21.814 16.342 11.465 7.2425 3.9249 
4.4356 51.427 44.897 38.626 32.504 26.547 21.045 15.784 11.09 7.0188 3.8115 
4.5252 49.532 43.241 37.204 31.314 25.587 20.298 15.241 10.725 6.8006 3.7008 
4.6166 47.698 41.639 35.827 30.162 24.656 19.573 14.713 10.37 6.5878 3.5926 
4.7099 45.924 40.088 34.495 29.047 23.755 18.871 14.201 10.023 6.3802 3.487 
4.805 44.209 38.589 33.207 27.967 22.882 18.189 13.703 9.6866 6.1778 3.3838 
4.9021 42.551 37.14 31.961 26.923 22.036 17.528 13.219 9.3588 5.9805 3.2832 
5.0011 40.949 35.739 30.756 25.912 21.217 16.888 12.749 9.04 5.7883 3.1849 
5.1021 39.401 34.385 29.591 24.935 20.425 16.267 12.294 8.73 5.601 3.0889 
5.2052 37.906 33.078 28.466 23.991 19.659 15.666 11.852 8.4286 5.4185 2.9953 
5.3104 36.462 31.815 27.38 23.078 18.918 15.085 11.423 8.1358 5.2408 2.904 
5.4176 35.067 30.595 26.33 22.197 18.201 14.522 11.007 7.8514 5.0678 2.8149 
5.5271 33.722 29.418 25.317 21.345 17.508 13.977 10.605 7.5751 4.8994 2.728 
5.6387 32.423 28.282 24.338 20.523 16.839 13.45 10.215 7.3069 4.7356 2.6433 
5.7526 31.17 27.186 23.395 19.729 16.192 12.94 9.8367 7.0466 4.5761 2.5607 
5.8689 29.961 26.129 22.484 18.963 15.568 12.448 9.4709 6.7941 4.4211 2.4802 
5.9874 28.796 25.11 21.606 18.223 14.965 11.972 9.1168 6.5491 4.2703 2.4017 
6.1084 27.672 24.127 20.759 17.51 14.383 11.512 8.7741 6.3115 4.1238 2.3253 
6.2318 26.589 23.179 19.942 16.822 13.822 11.067 8.4427 6.0813 3.9813 2.2508 
6.3577 25.545 22.266 19.155 16.159 13.28 10.638 8.1222 5.8582 3.843 2.1782 
6.4861 24.539 21.386 18.397 15.52 12.757 10.224 7.8123 5.642 3.7086 2.1076 
6.6171 23.57 20.538 17.666 14.904 12.254 9.8245 7.5129 5.4327 3.5781 2.0388 
6.7508 22.637 19.722 16.962 14.311 11.768 9.4388 7.2236 5.2301 3.4514 1.9718 
6.8872 21.738 18.935 16.284 13.739 11.3 9.0669 6.9441 5.0339 3.3284 1.9067 
7.0263 20.872 18.178 15.631 13.188 10.849 8.7082 6.6743 4.8442 3.2092 1.8433 
7.1682 20.039 17.449 15.003 12.658 10.414 8.3623 6.4138 4.6607 3.0935 1.7816 
7.313 19.237 16.748 14.398 12.147 9.9956 8.029 6.1624 4.4832 2.9813 1.7216 
7.4608 18.465 16.073 13.816 11.656 9.5926 7.7078 5.9198 4.3116 2.8726 1.6633 
7.6115 17.723 15.424 13.256 11.183 9.2046 7.3983 5.6859 4.1458 2.7673 1.6066 
7.7653 17.008 14.799 12.718 10.729 8.8312 7.1003 5.4602 3.9856 2.6652 1.5516 
7.9221 16.321 14.198 12.2 10.291 8.4718 6.8133 5.2427 3.8309 2.5663 1.4981 
8.0822 15.66 13.621 11.701 9.8701 8.1261 6.5369 5.033 3.6815 2.4706 1.4461 
8.2454 15.025 13.065 11.222 9.4655 7.7935 6.2709 4.831 3.5374 2.378 1.3956 
8.412 14.414 12.531 10.762 9.0764 7.4736 6.015 4.6364 3.3982 2.2884 1.3466 
8.5819 13.826 12.018 10.319 8.7024 7.166 5.7687 4.4489 3.2639 2.2017 1.299 
8.7553 13.262 11.525 9.894 8.343 6.8703 5.5318 4.2684 3.1344 2.1178 1.2529 
8.9322 12.719 11.051 9.4853 7.9976 6.5861 5.3039 4.0946 3.0096 2.0368 1.2081 
9.1126 12.198 10.595 9.0927 7.6657 6.3129 5.0848 3.9273 2.8892 1.9584 1.1647 
9.2967 11.697 10.158 8.7156 7.3469 6.0504 4.8742 3.7663 2.7732 1.8827 1.1226 
9.4845 11.216 9.7375 8.3534 7.0407 5.7982 4.6718 3.6115 2.6614 1.8096 1.0818 
9.6761 10.754 9.3339 8.0056 6.7467 5.556 4.4772 3.4625 2.5537 1.739 1.0422 
9.8716 10.31 8.9464 7.6716 6.4643 5.3233 4.2903 3.3193 2.45 1.6708 1.0039 
10.071 9.8835 8.5743 7.3509 6.1932 5.0999 4.1107 3.1816 2.3501 1.605 0.96682 
10.274 9.4742 8.2171 7.0431 5.933 4.8854 3.9382 3.0492 2.254 1.5415 0.93088 
10.482 9.0812 7.8742 6.7477 5.6833 4.6795 3.7726 2.9219 2.1615 1.4803 0.8961 
10.694 8.7039 7.545 6.4642 5.4436 4.4819 3.6135 2.7996 2.0725 1.4212 0.86243 
10.91 8.3418 7.2292 6.1921 5.2136 4.2922 3.4608 2.6822 1.9869 1.3643 0.82986 
11.13 7.9942 6.9261 5.9311 4.9929 4.1102 3.3142 2.5693 1.9045 1.3094 0.79836 
11.355 7.6606 6.6352 5.6807 4.7812 3.9356 3.1736 2.4609 1.8253 1.2566 0.76789 
11.584 7.3405 6.3562 5.4404 4.5782 3.7681 3.0386 2.3569 1.7492 1.2056 0.73844 
11.818 7.0334 6.0885 5.21 4.3834 3.6075 2.9091 2.257 1.676 1.1565 0.70998 
12.057 6.7387 5.8318 4.9891 4.1967 3.4534 2.7848 2.1611 1.6057 1.1093 0.68248 
12.301 6.4561 5.5856 4.7772 4.0176 3.3056 2.6657 2.069 1.5381 1.0638 0.65591 
12.549 6.1849 5.3494 4.574 3.8459 3.1639 2.5514 1.9807 1.4732 1.02 0.63026 
12.803 5.9248 5.1229 4.3792 3.6813 3.0281 2.4418 1.896 1.4109 0.97793 0.6055 
13.061 5.6754 4.9058 4.1924 3.5235 2.8979 2.3367 1.8147 1.3511 0.93741 0.5816 
13.325 5.4361 4.6976 4.0134 3.3723 2.7731 2.236 1.7367 1.2936 0.89843 0.55854 
13.594 5.2067 4.498 3.8418 3.2274 2.6535 2.1394 1.6619 1.2384 0.86096 0.53629 
13.869 4.9868 4.3067 3.6774 3.0885 2.5389 2.0469 1.5903 1.1855 0.82493 0.51484 
14.149 4.7759 4.1233 3.5198 2.9554 2.4291 1.9582 1.5215 1.1347 0.7903 0.49416 
14.435 4.5737 3.9475 3.3688 2.8279 2.3239 1.8732 1.4556 1.086 0.75703 0.47422 
14.727 4.3799 3.7791 3.2241 2.7058 2.2231 1.7918 1.3925 1.0392 0.72505 0.45501 
15.024 4.1941 3.6177 3.0855 2.5888 2.1265 1.7138 1.332 0.99438 0.69434 0.4365 
15.328 4.0161 3.463 2.9526 2.4767 2.0341 1.6391 1.274 0.95138 0.66485 0.41868 
15.637 3.8454 3.3148 2.8254 2.3693 1.9455 1.5676 1.2184 0.91015 0.63653 0.40152 
15.953 3.6818 3.1727 2.7035 2.2665 1.8607 1.499 1.1652 0.87063 0.60934 0.385 
16.275 3.5251 3.0367 2.5868 2.1681 1.7795 1.4334 1.1142 0.83275 0.58324 0.36909 
16.604 3.3749 2.9064 2.475 2.0738 1.7017 1.3706 1.0653 0.79644 0.5582 0.35379 
16.94 3.2309 2.7815 2.368 1.9835 1.6273 1.3104 1.0186 0.76165 0.53417 0.33908 
17.282 3.093 2.6619 2.2655 1.8971 1.556 1.2528 0.9738 0.72832 0.51111 0.32492 
17.631 2.9609 2.5474 2.1673 1.8144 1.4878 1.1977 0.93093 0.69639 0.489 0.31131 
17.987 2.8344 2.4377 2.0733 1.7352 1.4225 1.1449 0.88988 0.6658 0.4678 0.29823 
18.351 2.7131 2.3326 1.9833 1.6594 1.36 1.0944 0.85059 0.63651 0.44747 0.28565 
18.721 2.597 2.232 1.8971 1.5868 1.3002 1.0461 0.81299 0.60845 0.42797 0.27357 
19.099 2.4857 2.1357 1.8147 1.5174 1.243 0.99989 0.777 0.58159 0.40929 0.26196 
19.485 2.3791 2.0434 1.7357 1.4509 1.1882 0.95564 0.74256 0.55588 0.39138 0.25081 
19.879 2.2771 1.9551 1.6601 1.3873 1.1358 0.91331 0.7096 0.53126 0.37422 0.2401 
20.28 2.1793 1.8705 1.5878 1.3264 1.0857 0.87282 0.67807 0.50769 0.35778 0.22982 
20.69 2.0857 1.7895 1.5186 1.2682 1.0377 0.83408 0.6479 0.48514 0.34203 0.21995 
21.108 1.9961 1.712 1.4523 1.2125 0.99186 0.79702 0.61904 0.46356 0.32695 0.21048 
21.535 1.9102 1.6378 1.3889 1.1592 0.94797 0.76158 0.59144 0.44291 0.3125 0.20139 
21.97 1.828 1.5668 1.3282 1.1082 0.906 0.72768 0.56504 0.42315 0.29866 0.19267 
22.413 1.7493 1.4988 1.2701 1.0594 0.86585 0.69527 0.53979 0.40425 0.28542 0.18431 
22.866 1.6739 1.4337 1.2146 1.0127 0.82745 0.66427 0.51564 0.38617 0.27274 0.17629 
23.328 1.6018 1.3715 1.1614 0.96803 0.79072 0.63463 0.49255 0.36887 0.2606 0.1686 
23.799 1.5327 1.3118 1.1105 0.92532 0.75561 0.60628 0.47047 0.35233 0.24898 0.16123 
24.28 1.4665 1.2548 1.0619 0.88447 0.72202 0.57918 0.44936 0.33651 0.23787 0.15416 
24.771 1.4032 1.2002 1.0153 0.8454 0.68991 0.55328 0.42918 0.32139 0.22723 0.14739 
25.271 1.3426 1.1479 0.97075 0.80803 0.65921 0.52851 0.40989 0.30693 0.21705 0.1409 
25.782 1.2846 1.0979 0.92813 0.7723 0.62985 0.50483 0.39145 0.2931 0.20731 0.13468 
26.302 1.229 1.0501 0.88737 0.73812 0.60179 0.4822 0.37383 0.27988 0.198 0.12872 
26.834 1.1759 1.0043 0.84838 0.70544 0.57496 0.46057 0.35698 0.26724 0.18909 0.12302 
27.376 1.125 0.96049 0.81108 0.67419 0.54931 0.43989 0.34088 0.25517 0.18057 0.11756 
27.929 1.0763 0.91858 0.77541 0.64431 0.52479 0.42013 0.32549 0.24362 0.17243 0.11233 
28.493 1.0297 0.87847 0.74128 0.61574 0.50135 0.40125 0.31079 0.23259 0.16464 0.10732 
29.069 0.98504 0.8401 0.70865 0.58843 0.47894 0.3832 0.29674 0.22205 0.15719 0.10253 
29.656 0.94234 0.80339 0.67744 0.56231 0.45753 0.36596 0.28332 0.21198 0.15008 0.097938 
30.255 0.90148 0.76827 0.64759 0.53734 0.43706 0.34948 0.27049 0.20235 0.14327 0.093548 
30.866 0.86237 0.73468 0.61904 0.51347 0.4175 0.33373 0.25824 0.19315 0.13677 0.089347 
31.49 0.82495 0.70254 0.59175 0.49065 0.39881 0.31869 0.24653 0.18437 0.13055 0.085328 
32.126 0.78913 0.67179 0.56564 0.46883 0.38094 0.30431 0.23535 0.17598 0.12461 0.081483 
32.775 0.75486 0.64238 0.54068 0.44798 0.36386 0.29058 0.22466 0.16796 0.11894 0.077806 
33.437 0.72207 0.61425 0.51681 0.42804 0.34755 0.27746 0.21446 0.1603 0.11351 0.074289 
34.112 0.69069 0.58734 0.49398 0.40898 0.33196 0.26492 0.20471 0.15299 0.10833 0.070926 
34.801 0.66066 0.5616 0.47216 0.39077 0.31706 0.25295 0.1954 0.146 0.10338 0.06771 
35.504 0.63193 0.53698 0.45129 0.37336 0.30282 0.24151 0.18651 0.13933 0.098656 0.064636 
36.222 0.60444 0.51343 0.43134 0.35672 0.28922 0.23058 0.17802 0.13296 0.09414 0.061697 
36.953 0.57814 0.4909 0.41226 0.34082 0.27623 0.22015 0.16991 0.12687 0.089827 0.058888 
37.7 0.55298 0.46936 0.39402 0.32562 0.26381 0.21018 0.16217 0.12106 0.085707 0.056203 
38.462 0.5289 0.44876 0.37659 0.31109 0.25195 0.20066 0.15477 0.11552 0.081774 0.053637 
39.239 0.50587 0.42906 0.35992 0.29721 0.24061 0.19156 0.14771 0.11022 0.078017 0.051185 
40.031 0.48383 0.41022 0.34398 0.28394 0.22979 0.18288 0.14097 0.10516 0.07443 0.048843 
40.84 0.46275 0.39219 0.32874 0.27126 0.21944 0.17458 0.13453 0.10033 0.071005 0.046604 
41.665 0.44258 0.37496 0.31418 0.25914 0.20956 0.16666 0.12839 0.095726 0.067735 0.044466 
42.507 0.42329 0.35848 0.30026 0.24756 0.20012 0.1591 0.12252 0.091327 0.064614 0.042424 
43.365 0.40483 0.34272 0.28695 0.2365 0.1911 0.15187 0.11692 0.087127 0.061634 0.040473 
44.241 0.38718 0.32765 0.27422 0.22593 0.18249 0.14497 0.11157 0.083119 0.058789 0.03861 
45.135 0.37029 0.31324 0.26206 0.21582 0.17426 0.13839 0.10646 0.079293 0.056074 0.036831 
46.047 0.35413 0.29946 0.25044 0.20617 0.1664 0.1321 0.10159 0.075641 0.053482 0.035132 
46.977 0.33867 0.28628 0.23932 0.19694 0.1589 0.12609 0.096936 0.072155 0.051009 0.03351 
47.926 0.32389 0.27368 0.2287 0.18813 0.15173 0.12036 0.092495 0.068829 0.048648 0.031961 
48.894 0.30975 0.26163 0.21855 0.17971 0.14488 0.11488 0.088256 0.065655 0.046395 0.030483 
49.882 0.29622 0.25011 0.20885 0.17166 0.13834 0.10965 0.084209 0.062625 0.044245 0.029071 
50.89 0.28328 0.23909 0.19957 0.16397 0.13209 0.10466 0.080347 0.059734 0.042194 0.027724 
51.918 0.2709 0.22856 0.19071 0.15663 0.12612 0.099895 0.07666 0.056976 0.040237 0.026438 
52.966 0.25907 0.21849 0.18223 0.14961 0.12042 0.095345 0.073142 0.054343 0.038369 0.02521 
54.036 0.24774 0.20886 0.17413 0.14291 0.11498 0.091001 0.069784 0.051832 0.036587 0.024039 
55.128 0.23691 0.19966 0.1664 0.1365 0.10979 0.086854 0.066579 0.049435 0.034887 0.022921 
56.242 0.22656 0.19086 0.159 0.13038 0.10482 0.082895 0.06352 0.047148 0.033265 0.021854 
57.378 0.21665 0.18244 0.15193 0.12454 0.10008 0.079115 0.060601 0.044967 0.031718 0.020836 
58.537 0.20717 0.17439 0.14517 0.11895 0.095554 0.075507 0.057816 0.042885 0.030241 0.019865 
59.72 0.19811 0.1667 0.13872 0.11361 0.091231 0.072063 0.055157 0.040899 0.028833 0.018939 
60.926 0.18945 0.15935 0.13254 0.10852 0.087103 0.068775 0.052621 0.039005 0.02749 0.018055 
62.157 0.18116 0.15232 0.12665 0.10365 0.083161 0.065636 0.0502 0.037197 0.026209 0.017211 
63.412 0.17323 0.1456 0.12101 0.098995 0.079396 0.06264 0.04789 0.035473 0.024987 0.016407 
64.693 0.16565 0.13917 0.11563 0.094552 0.075802 0.05978 0.045686 0.033828 0.023822 0.01564 
66.0 0.1584 0.13303 0.11048 0.090307 0.072369 0.05705 0.043582 0.032259 0.02271 0.014908 
67.334 0.15146 0.12716 0.10556 0.086252 0.069091 0.054444 0.041575 0.030763 0.02165 0.01421 
68.694 0.14483 0.12154 0.10086 0.082378 0.065962 0.051957 0.03966 0.029335 0.020639 0.013544 
70.082 0.13849 0.11617 0.096368 0.078678 0.062973 0.049583 0.037833 0.027973 0.019675 0.012909 
71.497 0.13242 0.11104 0.092076 0.075143 0.06012 0.047317 0.03609 0.026674 0.018755 0.012304 
72.942 0.12662 0.10614 0.087975 0.071767 0.057395 0.045155 0.034427 0.025436 0.017878 0.011726 
74.415 0.12107 0.10145 0.084055 0.068542 0.054793 0.04309 0.03284 0.024254 0.017042 0.011175 
75.918 0.11577 0.096969 0.08031 0.065462 0.052309 0.04112 0.031325 0.023127 0.016245 0.01065 
77.452 0.1107 0.092684 0.076731 0.06252 0.049937 0.03924 0.029881 0.022052 0.015485 0.01015 
79.017 0.10585 0.088588 0.073312 0.059709 0.047673 0.037445 0.028502 0.021027 0.01476 0.0096725 
80.613 0.10121 0.084673 0.070044 0.057025 0.045511 0.035732 0.027188 0.020049 0.014068 0.0092174 
82.241 0.096771 0.080931 0.066922 0.054461 0.043446 0.034097 0.025933 0.019116 0.013409 0.0087835 
83.903 0.092529 0.077353 0.063938 0.052012 0.041476 0.032537 0.024736 0.018227 0.012781 0.0083699 
85.598 0.088473 0.073934 0.061088 0.049672 0.039594 0.031048 0.023594 0.017379 0.012182 0.0079756 
87.327 0.084594 0.070665 0.058364 0.047438 0.037797 0.029627 0.022505 0.01657 0.011611 0.0075997 
89.091 0.080884 0.06754 0.055761 0.045304 0.036082 0.02827 0.021466 0.015798 0.011066 0.0072413 
90.891 0.077337 0.064553 0.053274 0.043266 0.034444 0.026976 0.020475 0.015063 0.010547 0.0068997 
92.727 0.073945 0.061699 0.050898 0.041319 0.032881 0.025741 0.019529 0.014361 0.010052 0.0065742 
94.6 0.070702 0.05897 0.048627 0.03946 0.031388 0.024562 0.018627 0.013692 0.0095806 0.0062638 
96.511 0.067601 0.056361 0.046458 0.037684 0.029963 0.023437 0.017766 0.013055 0.0091308 0.005968 
98.461 0.064635 0.053868 0.044385 0.035988 0.028602 0.022364 0.016945 0.012446 0.008702 0.0056861 
100.45 0.0618 0.051485 0.042405 0.034368 0.027303 0.021339 0.016162 0.011866 0.0082933 0.0054174 
102.48 0.059088 0.049207 0.040512 0.032821 0.026063 0.020361 0.015415 0.011313 0.0079037 0.0051613 
104.55 0.056495 0.04703 0.038704 0.031344 0.02488 0.019428 0.014703 0.010786 0.0075324 0.0049172 
106.66 0.054016 0.044948 0.036977 0.029933 0.02375 0.018538 0.014023 0.010283 0.0071784 0.0046846 
108.82 0.051646 0.042959 0.035327 0.028585 0.022671 0.017688 0.013374 0.0098033 0.0068409 0.0044629 
111.01 0.049379 0.041058 0.03375 0.027298 0.021641 0.016878 0.012756 0.0093461 0.0065193 0.0042517 
113.26 0.047212 0.039241 0.032243 0.026068 0.020657 0.016104 0.012166 0.0089101 0.0062127 0.0040504 
115.54 0.04514 0.037504 0.030804 0.024894 0.019719 0.015366 0.011603 0.0084944 0.0059205 0.0038586 
117.88 0.043158 0.035844 0.029428 0.023773 0.018823 0.014661 0.011067 0.0080981 0.005642 0.0036758 
120.26 0.041263 0.034257 0.028114 0.022702 0.017967 0.013989 0.010555 0.0077202 0.0053765 0.0035016 
122.69 0.039452 0.03274 0.026859 0.02168 0.017151 0.013348 0.010066 0.0073599 0.0051235 0.0033356 
125.17 0.03772 0.031291 0.02566 0.020703 0.016371 0.012735 0.0096005 0.0070163 0.0048823 0.0031775 
127.7 0.036064 0.029905 0.024514 0.01977 0.015627 0.012151 0.0091562 0.0066888 0.0046525 0.0030268 
130.28 0.03448 0.028581 0.023419 0.01888 0.014916 0.011594 0.0087324 0.0063765 0.0044334 0.0028833 
132.91 0.032966 0.027315 0.022373 0.018029 0.014238 0.011062 0.0083283 0.0060788 0.0042247 0.0027465 
135.59 0.031518 0.026106 0.021373 0.017216 0.013591 0.010555 0.0079427 0.0057949 0.0040257 0.0026161 
138.33 0.030134 0.024949 0.020419 0.016441 0.012973 0.01007 0.007575 0.0055242 0.0038361 0.002492 
141.13 0.02881 0.023844 0.019507 0.0157 0.012383 0.0096084 0.0072243 0.0052662 0.0036554 0.0023737 
143.98 0.027545 0.022788 0.018635 0.014992 0.01182 0.0091675 0.0068898 0.0050202 0.0034831 0.0022609 
146.89 0.026335 0.021779 0.017803 0.014316 0.011282 0.0087469 0.0065708 0.0047857 0.003319 0.0021536 
149.85 0.025178 0.020814 0.017007 0.013671 0.010769 0.0083455 0.0062665 0.0045621 0.0031626 0.0020513 
152.88 0.024072 0.019892 0.016247 0.013055 0.010279 0.0079625 0.0059763 0.0043489 0.0030135 0.0019538 
155.97 0.023015 0.019011 0.015521 0.012466 0.0098118 0.007597 0.0056995 0.0041457 0.0028714 0.001861 
159.12 0.022004 0.018169 0.014828 0.011904 0.0093655 0.0072483 0.0054355 0.0039519 0.0027361 0.0017725 
162.33 0.021037 0.017364 0.014165 0.011368 0.0089394 0.0069156 0.0051837 0.0037672 0.002607 0.0016882 
165.61 0.020113 0.016594 0.013532 0.010855 0.0085328 0.0065982 0.0049436 0.0035911 0.0024841 0.001608 
168.96 0.019229 0.015859 0.012927 0.010366 0.0081446 0.0062953 0.0047146 0.0034232 0.0023669 0.0015315 
172.37 0.018384 0.015156 0.01235 0.0098984 0.007774 0.0060062 0.0044961 0.0032632 0.0022553 0.0014587 
175.85 0.017576 0.014485 0.011798 0.0094521 0.0074203 0.0057305 0.0042878 0.0031106 0.0021489 0.0013893 
179.41 0.016804 0.013843 0.01127 0.0090259 0.0070827 0.0054674 0.0040891 0.0029652 0.0020475 0.0013232 
183.03 0.016065 0.013229 0.010767 0.0086188 0.0067604 0.0052163 0.0038996 0.0028265 0.0019509 0.0012602 
186.73 0.015359 0.012643 0.010285 0.0082302 0.0064527 0.0049768 0.0037189 0.0026943 0.0018589 0.0012003 
190.5 0.014684 0.012083 0.0098255 0.007859 0.0061591 0.0047483 0.0035466 0.0025683 0.0017711 0.0011431 
194.35 0.014039 0.011547 0.0093863 0.0075046 0.0058788 0.0045302 0.0033822 0.0024482 0.0016876 0.0010887 
198.28 0.013422 0.011035 0.0089667 0.0071661 0.0056112 0.0043222 0.0032254 0.0023337 0.0016079 0.0010369 
202.28 0.012832 0.010546 0.0085658 0.0068429 0.0053558 0.0041237 0.0030759 0.0022245 0.001532 0.00098752 
206.37 0.012268 0.010079 0.0081828 0.0065342 0.0051121 0.0039343 0.0029333 0.0021205 0.0014597 0.00094049 
210.54 0.011729 0.0096321 0.007817 0.0062395 0.0048794 0.0037536 0.0027973 0.0020213 0.0013908 0.0008957 
214.79 0.011213 0.0092051 0.0074675 0.0059581 0.0046573 0.0035812 0.0026677 0.0019267 0.0013251 0.00085304 
219.13 0.01072 0.0087971 0.0071336 0.0056893 0.0044453 0.0034167 0.002544 0.0018365 0.0012625 0.0008124 
223.56 0.010249 0.0084071 0.0068146 0.0054327 0.0042429 0.0032597 0.002426 0.0017506 0.0012029 0.0007737 
228.07 0.0097986 0.0080344 0.0065099 0.0051876 0.0040498 0.00311 0.0023136 0.0016687 0.0011461 0.00073684 
232.68 0.0093678 0.0076782 0.0062188 0.0049536 0.0038654 0.0029671 0.0022063 0.0015906 0.001092 0.00070173 
237.38 0.008956 0.0073378 0.0059407 0.0047301 0.0036895 0.0028308 0.002104 0.0015162 0.0010404 0.00066828 
242.17 0.0085622 0.0070125 0.0056751 0.0045167 0.0035215 0.0027007 0.0020064 0.0014452 0.00099126 0.00063643 
247.07 0.0081858 0.0067016 0.0054213 0.0043129 0.0033612 0.0025766 0.0019134 0.0013776 0.00094444 0.0006061 
252.06 0.0078259 0.0064044 0.0051788 0.0041183 0.0032081 0.0024583 0.0018246 0.0013131 0.00089982 0.0005772 
257.15 0.0074818 0.0061205 0.0049472 0.0039325 0.003062 0.0023453 0.00174 0.0012516 0.00085731 0.00054968 
262.34 0.0071529 0.0058491 0.004726 0.003755 0.0029226 0.0022375 0.0016593 0.001193 0.0008168 0.00052347 
267.64 0.0068384 0.0055897 0.0045146 0.0035856 0.0027895 0.0021347 0.0015824 0.0011372 0.00077821 0.00049851 
273.05 0.0065377 0.0053419 0.0043127 0.0034238 0.0026625 0.0020366 0.001509 0.0010839 0.00074143 0.00047474 
278.57 0.0062502 0.005105 0.0041198 0.0032693 0.0025413 0.001943 0.001439 0.0010332 0.0007064 0.0004521 
284.19 0.0059754 0.0048786 0.0039355 0.0031218 0.0024256 0.0018537 0.0013722 0.00098483 0.00067301 0.00043053 
289.94 0.0057126 0.0046623 0.0037595 0.0029809 0.0023151 0.0017686 0.0013086 0.00093872 0.00064121 0.00041 
295.79 0.0054614 0.0044555 0.0035913 0.0028464 0.0022097 0.0016873 0.0012479 0.00089476 0.0006109 0.00039044 
301.77 0.0052212 0.004258 0.0034307 0.0027179 0.002109 0.0016097 0.00119 0.00085287 0.00058203 0.00037181 
307.86 0.0049916 0.0040691 0.0032772 0.0025953 0.002013 0.0015358 0.0011348 0.00081294 0.00055452 0.00035408 
314.08 0.0047721 0.0038887 0.0031307 0.0024782 0.0019213 0.0014652 0.0010821 0.00077487 0.00052831 0.00033719 
320.43 0.0045623 0.0037162 0.0029906 0.0023663 0.0018338 0.0013978 0.0010319 0.00073859 0.00050334 0.0003211 
