1.22909942209e-21
1.16713755364e-21
1.10765669388e-21
1.05059538012e-21
9.95985350972e-22
9.434705953e-22
8.93261755713e-22
8.4523816281e-22
7.99307450676e-22
7.55405893676e-22
7.13457729085e-22
6.73459327899e-22
6.35291458496e-22
5.98913501622e-22
5.64267004586e-22
5.31290192144e-22
4.99931369839e-22
4.70127587359e-22
4.41823980362e-22
4.14967460487e-22
3.8949995101e-22
3.65369575247e-22
3.42540480125e-22
3.20891263891e-22
3.00471594826e-22
2.81170979981e-22
2.62950400635e-22
2.45761816639e-22
2.29565315252e-22
2.14309724839e-22
1.99951798318e-22
1.86449750156e-22
1.7376177409e-22
1.61846708796e-22
1.50665140036e-22
1.40182119916e-22
1.30340650367e-22
1.21151152307e-22
1.12549475438e-22
1.04503268827e-22
9.69766870875e-23
8.99511267296e-23
8.33942350608e-23
7.72818895723e-23
7.1578530868e-23
6.62666911021e-23
6.13223243931e-23
5.67219640902e-23
5.24434087987e-23
4.84678049218e-23
4.4773815641e-23
4.13454983313e-23
3.81639854087e-23
3.52134188492e-23
3.24783114797e-23
2.9944429702e-23
2.75917915085e-23
2.54261497404e-23
2.341691342e-23
2.15591709538e-23
1.98420042454e-23
1.82552313074e-23
1.67852662092e-23
1.54378236676e-23
1.41894650777e-23
1.30387248326e-23
1.19773086616e-23
1.09992342726e-23
1.00981057771e-23
9.26806768718e-24
8.50405674566e-24
7.80101106958e-24
7.15407976608e-24
6.55906830439e-24
6.01207654775e-24
5.50939393446e-24
5.04748278485e-24
4.62321801344e-24
4.23363697244e-24
3.87598305074e-24
3.54840975636e-24
3.24668343074e-24
2.97052175159e-24
2.71723522086e-24
2.48507262126e-24
2.27229955603e-24
2.07729313385e-24
1.89874515736e-24
1.73518776956e-24
1.58617015739e-24
1.44767016082e-24
1.32286677389e-24
1.20806243684e-24
1.10351856322e-24
1.00698636541e-24
9.19143839781e-25
8.38788989523e-25
7.65426291101e-25
6.98444682919e-25
6.36602033082e-25
