8.39673413327e-24
1.16445687682e-23
1.56758168044e-23
1.87914973478e-23
2.10492340811e-23
2.26289656389e-23
2.36882706961e-23
2.43252503972e-23
2.46343145107e-23
2.46875201478e-23
2.45946274392e-23
2.43590760335e-23
2.39764857208e-23
2.35329108143e-23
2.30326955444e-23
2.25357467982e-23
2.20158073058e-23
2.14458478535e-23
2.08697013307e-23
2.0284083191e-23
1.97134795092e-23
1.91637965167e-23
1.85915800166e-23
1.80710577414e-23
1.75465959125e-23
1.70652292449e-23
1.6576548832e-23
1.61155935939e-23
1.56667353193e-23
1.52130988835e-23
1.48167290438e-23
1.4442049937e-23
1.40294990272e-23
1.36638827257e-23
1.33118495677e-23
1.29701522961e-23
1.26414754954e-23
1.23199686986e-23
1.20297695893e-23
1.17373169632e-23
1.14605402801e-23
1.11726315362e-23
1.09093342646e-23
1.06574975006e-23
1.04123924759e-23
1.01859459964e-23
9.9595373873e-24
9.7342029002e-24
9.52238347091e-24
9.31767630717e-24
9.11591023403e-24
8.92636547641e-24
8.74167601618e-24
8.56576447192e-24
8.38421691567e-24
8.21397421207e-24
8.04394244258e-24
7.88276852742e-24
7.73156090181e-24
7.57961052113e-24
7.42881595085e-24
7.28808796892e-24
7.14790603807e-24
7.00756474289e-24
6.87862333206e-24
6.74909215848e-24
6.6216430397e-24
6.49832654192e-24
6.38160238323e-24
6.25842769497e-24
6.14591441981e-24
6.04608173879e-24
5.92599028169e-24
5.82064028943e-24
5.71808441716e-24
5.6173825829e-24
5.51687595279e-24
5.42052373233e-24
5.32740631538e-24
5.2353363603e-24
5.14738064917e-24
5.05997672244e-24
4.97461215761e-24
4.89024825528e-24
4.80887225283e-24
4.72918978952e-24
4.65129671159e-24
4.57521392542e-24
4.50167321722e-24
4.42811123449e-24
4.35682394278e-24
4.28752367197e-24
4.21956690267e-24
4.15311360627e-24
4.0881248052e-24
4.02528479515e-24
3.96220426511e-24
3.90153613484e-24
3.8420366027e-24
3.78366276641e-24
3.72644622186e-24
3.67106914103e-24
3.61619639389e-24
3.56212687386e-24
3.51054553431e-24
3.4593949255e-24
3.4096063258e-24
3.36055556014e-24
3.31225215207e-24
3.26550032211e-24
3.21944116664e-24
3.17430441338e-24
3.13018941494e-24
3.08657900206e-24
3.04430337771e-24
3.00269683233e-24
2.96191725015e-24
2.92194407419e-24
2.88275673061e-24
2.84433500641e-24
2.80665973123e-24
2.76973466642e-24
2.73349629452e-24
2.69788566118e-24
2.6629755901e-24
2.62876939454e-24
2.59519817245e-24
2.56225165644e-24
2.52991503218e-24
2.49817285664e-24
2.46652389767e-24
2.43594200681e-24
2.40660181529e-24
2.37740411781e-24
2.3474647778e-24
2.31936759143e-24
2.2919897671e-24
2.26451125316e-24
2.23750514759e-24
2.21097351896e-24
2.18492940644e-24
2.15871378547e-24
2.13351480129e-24
2.10936995591e-24
2.0850817688e-24
2.06026555358e-24
2.03670182251e-24
2.0140604038e-24
1.99126804887e-24
1.96883848389e-24
1.94675819434e-24
1.92482273982e-24
1.90337086964e-24
1.88279266797e-24
1.86208511856e-24
1.8416616225e-24
1.82158876845e-24
1.80146850172e-24
1.78201128774e-24
1.76318445914e-24
1.74430823005e-24
1.72596940193e-24
1.707451285e-24
1.68943842185e-24
1.67169188136e-24
1.65421209835e-24
1.63670830798e-24
1.619736646e-24
1.60696830575e-24
1.58632387659e-24
1.57008290569e-24
1.55428070055e-24
1.53850130068e-24
1.52294682021e-24
1.50761312059e-24
1.49249603545e-24
1.4778407898e-24
1.46313578226e-24
1.44861013495e-24
1.43431307902e-24
1.42021780523e-24
1.40602082608e-24
1.39236579583e-24
1.37884557219e-24
1.36550748665e-24
1.35243149931e-24
1.33946031407e-24
1.32666563438e-24
1.31392857408e-24
1.3012317238e-24
1.28893612182e-24
1.27697093502e-24
1.26571607958e-24
1.24954836794e-24
1.24182281995e-24
1.23030860062e-24
1.21894227758e-24
1.20772322717e-24
1.19665064985e-24
1.18547681177e-24
1.17469111837e-24
1.16398451105e-24
1.15731935152e-24
1.14306888812e-24
1.13282354084e-24
1.12190586232e-24
1.11206137487e-24
1.10299533298e-24
1.09325460914e-24
1.08363108489e-24
1.07417746998e-24
1.06479546474e-24
1.05564649449e-24
1.04649180689e-24
1.03744985894e-24
1.02851917923e-24
1.01984700814e-24
1.01113267331e-24
1.00237453123e-24
9.93869801067e-25
9.85467961443e-25
9.77028391117e-25
9.68829463833e-25
9.60727867067e-25
9.52722700366e-25
9.44812486494e-25
9.36995745912e-25
9.29271056458e-25
9.21637098779e-25
9.14092481313e-25
9.06599369708e-25
8.99229601134e-25
8.91945241785e-25
8.84738535639e-25
8.75655299586e-25
8.70585478845e-25
8.63629863826e-25
8.5675341653e-25
8.49947955392e-25
8.43241899991e-25
8.36578251866e-25
8.30006452705e-25
8.23588055023e-25
8.17161725043e-25
8.11130348195e-25
8.04522613391e-25
7.98307820985e-25
7.92532646848e-25
7.86465145619e-25
7.79579836845e-25
7.73648709878e-25
7.68045721554e-25
7.62268334985e-25
7.56511568274e-25
7.50170369458e-25
7.44635742373e-25
7.39089943139e-25
7.34195351944e-25
7.28739396519e-25
7.23468161591e-25
7.18125429873e-25
7.12838087791e-25
7.07226146152e-25
7.0212280593e-25
6.96991473335e-25
6.91912179718e-25
6.86483209473e-25
6.81523612731e-25
6.7662436115e-25
6.7237296419e-25
6.67557024011e-25
6.62817417901e-25
6.58098131364e-25
6.53426346607e-25
6.4880148771e-25
6.43033455596e-25
6.39833858674e-25
6.35202240521e-25
6.30727535797e-25
6.26327942363e-25
6.21971745039e-25
6.17658322908e-25
6.13390752616e-25
6.09161079187e-25
6.0497250997e-25
6.00824501786e-25
5.96716529389e-25
5.92648744032e-25
5.88644381346e-25
5.84653442929e-25
5.80700579548e-25
5.76785360951e-25
5.7290731246e-25
5.69065968768e-25
5.65478225634e-25
5.61786465655e-25
5.57734045295e-25
5.54035201047e-25
5.50370857647e-25
5.467406001e-25
5.43144023168e-25
5.39658027873e-25
5.36127172031e-25
5.32628696809e-25
5.29162351139e-25
5.25727803347e-25
5.22324602001e-25
5.18952257723e-25
5.15610359383e-25
5.1206488877e-25
5.10015348406e-25
5.05608344764e-25
5.02389091889e-25
4.99196405533e-25
4.96032041119e-25
4.92895713008e-25
4.89787124453e-25
4.86705974216e-25
4.83652115497e-25
4.80625289854e-25
4.77625140398e-25
4.74649268202e-25
4.717017786e-25
4.68780318147e-25
4.65884592356e-25
4.63014219949e-25
4.6016876351e-25
4.57347747779e-25
4.54550796302e-25
4.51777556246e-25
4.48987400415e-25
4.46277739554e-25
4.43597955637e-25
4.41152824416e-25
4.38565499377e-25
4.35860646724e-25
4.33246540602e-25
4.30653470879e-25
4.27926266509e-25
4.25379272373e-25
4.22853628949e-25
4.20349097032e-25
4.17883506432e-25
4.15529822458e-25
4.13080718507e-25
4.10651910824e-25
4.08306500947e-25
4.05854991057e-25
4.03486611342e-25
4.01097441367e-25
3.98773005692e-25
3.9646764609e-25
3.94181068825e-25
3.91913005352e-25
3.8966321718e-25
3.87431532673e-25
3.85217813904e-25
3.8302468813e-25
3.8073421677e-25
3.78935921055e-25
3.7684155078e-25
3.74303883089e-25
3.72194995116e-25
3.70102907914e-25
3.68027479649e-25
3.6596849165e-25
3.63925750144e-25
3.61899060749e-25
3.59888174933e-25
3.57892891364e-25
3.55913125972e-25
3.53948772901e-25
3.51999688913e-25
3.500658255e-25
3.48147099379e-25
3.46243286187e-25
3.44354206616e-25
3.42479734155e-25
3.40621135657e-25
3.38775239476e-25
3.36943373192e-25
3.35125419193e-25
3.33321263195e-25
3.31530710462e-25
3.29752204217e-25
3.27988469028e-25
3.26332664801e-25
3.24592503841e-25
3.22867743563e-25
3.21092571562e-25
3.19359192191e-25
3.17640910403e-25
3.16100591367e-25
3.14439231241e-25
3.12790158078e-25
3.11153233775e-25
3.09528340033e-25
3.07915383545e-25
3.06314276044e-25
3.04724922885e-25
3.03147217338e-25
3.01577287544e-25
3.00022507233e-25
2.98481277446e-25
2.96950667885e-25
2.95342532442e-25
2.9383223259e-25
2.92332742824e-25
2.90844007454e-25
2.89403947171e-25
2.8793664966e-25
2.86479811329e-25
2.8503332812e-25
2.83597101494e-25
2.82171043599e-25
2.80755068643e-25
2.79349091305e-25
2.77953016932e-25
2.76566749107e-25
2.75190194408e-25
2.73823265815e-25
2.72465876848e-25
2.71117939919e-25
2.69745989313e-25
2.68416819246e-25
2.67096922321e-25
2.65786180162e-25
2.64484496201e-25
2.63191789997e-25
2.61939898395e-25
2.60664579253e-25
2.59397980767e-25
2.58140026021e-25
2.56890639863e-25
2.5564974313e-25
2.54455608674e-25
2.53231241903e-25
2.52015153673e-25
2.50807273767e-25
2.4960752663e-25
2.48415832825e-25
2.47232111253e-25
2.46059548496e-25
2.44891531242e-25
2.43731279445e-25
2.4257554319e-25
2.41430672849e-25
2.40293400912e-25
2.39163670609e-25
2.38041418362e-25
2.3692658035e-25
2.35783545893e-25
2.34683398925e-25
2.33590446562e-25
2.32504631067e-25
2.31425894677e-25
2.30354179034e-25
2.29289426353e-25
2.28231579887e-25
2.2718058236e-25
2.26136374666e-25
2.25098900215e-25
2.2406810202e-25
2.23043923405e-25
2.2202630432e-25
2.20969742255e-25
2.1995789677e-25
2.18953567689e-25
2.17956659644e-25
2.16967076409e-25
2.15984722352e-25
2.15009508445e-25
2.14041377755e-25
2.13080282577e-25
2.12199549669e-25
2.11250697928e-25
2.10307795919e-25
2.09370795791e-25
2.084396496e-25
2.07514312498e-25
2.06594740655e-25
2.05680886842e-25
2.04772703269e-25
2.0387014442e-25
2.02973167124e-25
2.02081728349e-25
2.01195782848e-25
2.00315285754e-25
1.99440195363e-25
1.98570467648e-25
1.97706057864e-25
1.96846924742e-25
1.95993029889e-25
1.95144335126e-25
1.94300799267e-25
1.93462380121e-25
1.92629036668e-25
1.91800727974e-25
1.90977414736e-25
1.90159059215e-25
1.89345623752e-25
1.88537068555e-25
1.87733354687e-25
1.86934443317e-25
1.86140297931e-25
1.85350885406e-25
1.84566170269e-25
1.83786118163e-25
1.83010694626e-25
1.82239862941e-25
1.81473586599e-25
1.80711831943e-25
1.79954565328e-25
1.79201751874e-25
1.78453355889e-25
1.77709341768e-25
1.76969676322e-25
1.76234326792e-25
1.75503259588e-25
1.74776443128e-25
1.74053847512e-25
1.73335441752e-25
1.72621195984e-25
1.7191107988e-25
1.7120506292e-25
1.70503115853e-25
1.69805208247e-25
1.69111309302e-25
1.68421388865e-25
1.6773541542e-25
1.67053357511e-25
1.66375185977e-25
1.65700872653e-25
1.65030388939e-25
1.64363706873e-25
1.63700798337e-25
1.63041635066e-25
1.62386191926e-25
1.61734443356e-25
1.61086362666e-25
1.60441923821e-25
1.59801101191e-25
1.59163868029e-25
1.5853019778e-25
1.57900064182e-25
1.57273441213e-25
1.56650303297e-25
1.56030624388e-25
1.55414378011e-25
1.54801539236e-25
1.54192084134e-25
1.53585988748e-25
1.52983229815e-25
1.52383785015e-25
1.51787631166e-25
1.51194744942e-25
1.50605103851e-25
1.50018685267e-25
1.49435466386e-25
1.48855424723e-25
1.48278537025e-25
1.47704780249e-25
1.47134132481e-25
1.46566572059e-25
1.46002076772e-25
1.45440624047e-25
1.44882192556e-25
1.44326762171e-25
1.43774312544e-25
1.4322482389e-25
1.42678275731e-25
1.42134647912e-25
1.41593921005e-25
1.41056074957e-25
1.40521088963e-25
1.39988943044e-25
1.39459618284e-25
1.38933095347e-25
1.38409354523e-25
1.3788837659e-25
1.37370142678e-25
1.368546341e-25
1.36341832917e-25
1.35831720454e-25
1.35324278438e-25
1.34819489875e-25
1.34317337774e-25
1.33817804247e-25
1.33320871439e-25
1.32826521593e-25
1.32334736662e-25
1.31845498726e-25
1.31358791011e-25
1.30874596951e-25
1.30392900149e-25
1.29913684844e-25
1.29436934701e-25
1.28962632644e-25
1.28490761589e-25
1.28021305158e-25
1.27554247856e-25
1.27089574676e-25
1.26627270705e-25
1.26167321028e-25
1.25709710384e-25
1.25254423368e-25
1.24801444399e-25
1.24350757717e-25
1.23902348003e-25
1.23456200604e-25
1.23012300566e-25
1.22570632977e-25
1.22131183567e-25
1.21693937866e-25
1.21258881611e-25
1.20826000674e-25
1.20395280913e-25
1.19966708837e-25
1.19540270914e-25
1.19115953838e-25
1.1869374471e-25
1.18273629967e-25
1.17855596391e-25
1.1743963102e-25
1.17025720612e-25
1.16613851852e-25
1.16204011348e-25
1.15796185605e-25
1.15390361664e-25
1.1498652683e-25
1.14584668774e-25
1.14184775566e-25
1.13786834746e-25
1.13390833895e-25
1.12996760781e-25
1.12604603138e-25
1.12214348861e-25
1.11825986126e-25
1.11439503425e-25
1.11054889569e-25
1.1067213334e-25
1.10291223285e-25
1.09912147922e-25
1.09534895323e-25
1.09159453617e-25
1.08785811566e-25
1.08413957708e-25
1.08043880904e-25
1.076755705e-25
1.07309016148e-25
1.06944207015e-25
1.06581132353e-25
1.06219781487e-25
1.05860143906e-25
1.05502209352e-25
1.05145967205e-25
1.04791407096e-25
1.04438518813e-25
1.04087292032e-25
1.03737717128e-25
1.0338978446e-25
1.03043484404e-25
1.02698806921e-25
1.02355741789e-25
1.02014278971e-25
1.01674408693e-25
1.01336121208e-25
1.00999406621e-25
1.00664255645e-25
1.00330659501e-25
9.9998609178e-26
9.96680954101e-26
9.93391085674e-26
9.90116391308e-26
9.86856776793e-26
9.8361215268e-26
9.80382435839e-26
9.77167542419e-26
9.73967386852e-26
9.70781882903e-26
9.67610946972e-26
9.64454494141e-26
9.61312435793e-26
9.58184684811e-26
9.55071157179e-26
9.51971771305e-26
9.48886448163e-26
9.45815108251e-26
9.42757669676e-26
9.39714047641e-26
9.36684157484e-26
9.33667918028e-26
9.30665249437e-26
9.27676071139e-26
9.24700301696e-26
9.21737863966e-26
9.18788682795e-26
9.15852681463e-26
9.12929783913e-26
9.10019916454e-26
9.0712300479e-26
9.04238975886e-26
9.0136775759e-26
8.985092789e-26
8.95663469734e-26
8.92830256828e-26
8.90009568337e-26
8.87201333498e-26
8.84405483331e-26
8.81621948156e-26
8.78850657862e-26
8.76091543556e-26
8.73344536244e-26
8.70609564261e-26
8.6788655524e-26
8.65175435557e-26
8.62476133592e-26
8.59788581836e-26
8.57112715572e-26
8.54448473554e-26
8.51795792802e-26
8.49154610059e-26
8.46524862754e-26
8.43906487572e-26
8.41299422733e-26
8.38703607899e-26
8.36118982021e-26
8.33545486182e-26
8.30983061988e-26
8.2843165159e-26
8.25891196711e-26
8.23361635844e-26
8.20842904929e-26
8.1833493877e-26
8.15837672246e-26
8.13351043363e-26
8.10874990946e-26
8.08409455966e-26
8.05954381341e-26
8.0350970869e-26
8.0107537972e-26
7.98651338286e-26
7.96237529284e-26
7.93833898892e-26
7.91440392493e-26
7.89056957358e-26
7.86683541367e-26
7.84320093066e-26
7.81966562035e-26
7.79622898657e-26
7.77203138426e-26
7.7487877627e-26
7.72563865308e-26
7.70258381624e-26
7.67962319382e-26
7.6567567034e-26
7.63398431654e-26
7.6113060125e-26
7.58872191831e-26
7.56623237913e-26
7.54479046309e-26
7.52249700239e-26
7.50029539094e-26
7.47818514288e-26
7.45616577589e-26
7.43423681232e-26
7.41239778769e-26
7.39064824915e-26
7.36898774267e-26
7.34741581917e-26
7.32593202922e-26
7.3045359415e-26
7.28323303794e-26
7.26201109336e-26
7.24087560706e-26
7.21982616097e-26
7.19886230017e-26
7.1779835374e-26
7.15718939255e-26
7.13647360144e-26
7.11584725828e-26
7.09530407892e-26
7.07484356987e-26
7.05446526846e-26
7.03416875679e-26
7.01395362866e-26
6.99381947623e-26
6.97376588227e-26
6.95379243429e-26
6.93389872824e-26
6.91408436472e-26
6.89434893825e-26
6.87469206435e-26
6.85619209146e-26
6.8366881546e-26
6.81726110806e-26
6.79791060316e-26
6.77863629282e-26
6.75943785234e-26
6.74031496715e-26
6.72126733476e-26
6.70229466294e-26
6.68339666086e-26
6.66272876604e-26
6.6448035685e-26
6.62613378687e-26
6.60753708951e-26
6.58901309665e-26
6.57056145157e-26
6.55218180631e-26
6.53387381169e-26
6.51563710377e-26
6.49747131368e-26
6.47937607674e-26
6.46135103756e-26
6.44339586361e-26
6.42551025182e-26
6.40769391178e-26
6.38994655293e-26
6.37226786961e-26
6.35465755562e-26
6.3371153024e-26
6.31964078195e-26
6.30223364464e-26
6.2848935081e-26
6.26761999482e-26
6.25041273104e-26
6.23327136736e-26
6.21619556377e-26
6.19918498409e-26
6.1822392893e-26
6.16535813711e-26
6.14854119333e-26
6.13178812973e-26
6.11509861824e-26
6.09847233845e-26
6.08190898763e-26
6.06540826676e-26
6.04896988701e-26
6.032593571e-26
6.01627906619e-26
6.00002611422e-26
5.9838344467e-26
5.96770378267e-26
5.95163382189e-26
5.93562426357e-26
5.91967482016e-26
5.90378521537e-26
5.8879551766e-26
5.8721462325e-26
5.85643334404e-26
5.84077914579e-26
5.82518337193e-26
5.8096457512e-26
5.79416601321e-26
5.77874388992e-26
5.76337911405e-26
5.74807141404e-26
5.73282052235e-26
5.71762615828e-26
5.70248805951e-26
5.68745049432e-26
5.67242352977e-26
5.65745190652e-26
5.64253537737e-26
5.62767368754e-26
5.61286657499e-26
5.59811378753e-26
5.58341507416e-26
5.56877018432e-26
5.55417886937e-26
5.53964088917e-26
5.52515601135e-26
5.51072400547e-26
5.49634911656e-26
5.48202213794e-26
5.46774727847e-26
5.45352426408e-26
5.43935282565e-26
5.42523269871e-26
5.4111636258e-26
5.39714535224e-26
5.38317762301e-26
5.36925584638e-26
5.3553885464e-26
5.34157112338e-26
5.32780335721e-26
5.31408503501e-26
5.30041594266e-26
5.28679585715e-26
5.27322454588e-26
5.25970176937e-26
5.24622728944e-26
5.23280089969e-26
5.21942240693e-26
5.20609161685e-26
5.19280832647e-26
5.1795723227e-26
5.16638338671e-26
5.15324130655e-26
5.14014587206e-26
5.12709685176e-26
5.11350738137e-26
5.10054752697e-26
5.08763308354e-26
5.07476399887e-26
5.06194022169e-26
5.04916175896e-26
5.03642858844e-26
5.02434895727e-26
5.01170781474e-26
4.99911098093e-26
4.98655825312e-26
4.97404942426e-26
4.96158429171e-26
4.94916266377e-26
4.93678435323e-26
4.92444917256e-26
4.91215693409e-26
4.89990746092e-26
4.88770056955e-26
4.87553607397e-26
4.86341379029e-26
4.85133354055e-26
4.83929909838e-26
4.82730239467e-26
4.81534719075e-26
4.80343327459e-26
4.79156043565e-26
4.77972848021e-26
4.7679372163e-26
4.75618645689e-26
4.74447602615e-26
4.73280574657e-26
4.72117543973e-26
4.70958492258e-26
4.69803018406e-26
4.68651870682e-26
4.67504647724e-26
4.66361332876e-26
4.65221909557e-26
4.64086361131e-26
4.62954670766e-26
4.61826821334e-26
4.60702796032e-26
4.59582580015e-26
4.5846616e-26
4.57353521767e-26
4.56244649574e-26
4.55139527853e-26
4.54038140369e-26
4.53010790921e-26
4.51916716292e-26
4.50826294218e-26
4.49739510901e-26
4.48656353222e-26
4.47576807483e-26
4.46431580338e-26
4.45359472746e-26
4.44290952883e-26
4.43226004611e-26
4.42164611614e-26
4.41106758129e-26
4.40112771193e-26
4.39061640302e-26
4.38013993604e-26
4.36969819455e-26
4.35929107466e-26
4.34891847119e-26
4.33858028076e-26
4.32827640118e-26
4.31800673126e-26
4.30777115509e-26
4.29756952845e-26
4.28683219993e-26
4.27669994052e-26
4.26660104465e-26
4.25649908709e-26
4.24646687951e-26
4.23646765075e-26
4.2265012604e-26
4.21656756827e-26
4.20666643221e-26
4.19679771512e-26
4.1869612913e-26
4.17715703368e-26
4.16738479639e-26
4.15764442333e-26
4.14793576151e-26
4.13825866125e-26
4.12861297033e-26
4.11899854109e-26
4.10941523414e-26
4.09986291837e-26
4.09034145519e-26
4.08085071103e-26
4.07139056646e-26
4.06196090427e-26
4.05256160667e-26
4.04319255588e-26
4.0338536306e-26
4.02454471001e-26
4.01526567348e-26
4.00601639446e-26
3.99679673713e-26
3.98760656922e-26
3.97844577405e-26
3.96931424741e-26
3.96021188527e-26
3.95113858087e-26
3.94209423068e-26
3.9330787271e-26
3.92409195491e-26
3.91513379652e-26
3.90620414367e-26
3.89730288469e-26
3.88842989377e-26
3.87958504377e-26
3.87076820999e-26
3.86197926732e-26
3.85321809189e-26
3.84448456487e-26
3.83577857023e-26
3.82709999533e-26
3.81844873556e-26
3.80982469047e-26
3.80122775605e-26
3.79265781928e-26
3.78411476106e-26
3.77559846703e-26
3.76710881999e-26
3.75864570416e-26
3.75020901087e-26
3.7418237652e-26
3.7334397354e-26
3.72508181049e-26
3.71674989129e-26
3.70844388595e-26
3.70016370133e-26
3.69190924516e-26
3.68368042775e-26
3.67547715743e-26
3.66729933748e-26
3.65914686936e-26
3.65101965446e-26
3.64292057005e-26
3.63484353859e-26
3.62679143733e-26
3.61876416549e-26
3.61076162673e-26
3.60278372653e-26
3.59483037503e-26
3.58690148049e-26
3.57899694611e-26
3.57111667143e-26
3.56326055676e-26
3.5554285012e-26
3.54762040252e-26
3.53983326315e-26
3.53207278557e-26
3.52433597012e-26
3.51662271697e-26
3.50893292804e-26
3.5012665108e-26
3.4936233744e-26
3.48600342604e-26
3.47840657561e-26
3.47083274031e-26
3.46328184195e-26
3.45575379405e-26
3.4482485054e-26
3.44076588482e-26
3.43330584082e-26
3.4258682843e-26
3.41845313274e-26
3.41106030635e-26
3.40368972524e-26
3.39634131071e-26
3.38901498519e-26
3.38171066815e-26
3.37442827415e-26
3.36716771582e-26
3.35992890746e-26
3.35271176594e-26
3.34551620551e-26
3.33834213933e-26
3.33118948303e-26
3.3240581565e-26
3.31694807485e-26
3.30985914823e-26
3.3027912922e-26
3.29574443184e-26
3.28871849291e-26
3.28171339802e-26
3.27472906873e-26
3.26776542404e-26
3.26082237948e-26
3.25389985164e-26
3.2469977588e-26
3.24011601616e-26
3.23325453871e-26
3.22641324749e-26
3.21959470885e-26
3.21279357122e-26
3.20601240783e-26
3.19925114629e-26
3.19250971624e-26
3.18578804779e-26
3.17906241184e-26
3.17237998607e-26
3.16571711602e-26
3.15907373419e-26
3.15244976577e-26
3.14584512806e-26
3.13925973979e-26
3.13269352603e-26
3.126146416e-26
3.11961833993e-26
3.11310922963e-26
3.10661901517e-26
3.10014762542e-26
3.0936949924e-26
3.08726105191e-26
3.08084573801e-26
3.07444897882e-26
3.06807069991e-26
3.06171082757e-26
3.05536929128e-26
3.04904602196e-26
3.04274094933e-26
3.03645400337e-26
3.0301851163e-26
3.02393422043e-26
3.01770124462e-26
3.01148612112e-26
3.00528879226e-26
2.99910920199e-26
2.99294728758e-26
2.98680298026e-26
2.98067621094e-26
2.9745669122e-26
2.9684750179e-26
2.96240046575e-26
2.9563431932e-26
2.95030313542e-26
2.94428022478e-26
2.93827439821e-26
2.93228559739e-26
2.92631376531e-26
2.92035884388e-26
2.91442076955e-26
2.90849947814e-26
2.90259490815e-26
2.89670699891e-26
2.89083569178e-26
2.8849809303e-26
2.87914266048e-26
2.87332082459e-26
2.86751535724e-26
2.86172619326e-26
2.85595327396e-26
2.85019654496e-26
2.84445595227e-26
2.83873144038e-26
2.83302295209e-26
2.82733042621e-26
2.82165380245e-26
2.8159930227e-26
2.81034803283e-26
2.80471877691e-26
2.79910519699e-26
2.79350723456e-26
2.78792483168e-26
2.78235793614e-26
2.77680649861e-26
2.77127046674e-26
2.76574978714e-26
2.7602444034e-26
2.75475425538e-26
2.74927928159e-26
2.74381942139e-26
2.73837462245e-26
2.73294483585e-26
2.72753001031e-26
2.72213009289e-26
2.71674503174e-26
2.71137477489e-26
2.70601927281e-26
2.70067847835e-26
2.69535234624e-26
2.69004082929e-26
2.6847438768e-26
2.67946143478e-26
2.67419345191e-26
2.66893987852e-26
2.6637006653e-26
2.65847576109e-26
2.65326510997e-26
2.64806865631e-26
2.64288634744e-26
2.63771813158e-26
2.63256396171e-26
2.62742379402e-26
2.62229758569e-26
2.61718529245e-26
2.61208686508e-26
2.60700225323e-26
2.60193140879e-26
2.59687428255e-26
2.59183082365e-26
2.58680098179e-26
2.58178470521e-26
2.5767819415e-26
2.57179263824e-26
2.56681674466e-26
2.56185421296e-26
2.55690499993e-26
2.55196906138e-26
2.54704635149e-26
2.54213682396e-26
2.53724043373e-26
2.53235713971e-26
2.52748690223e-26
2.52262968009e-26
2.51778543177e-26
2.51295411198e-26
2.50815231183e-26
2.50334664865e-26
2.49855378048e-26
2.4937736617e-26
2.48900624658e-26
2.48425148882e-26
2.47950934278e-26
2.47477976695e-26
2.47006272026e-26
2.46535613421e-26
2.46066403083e-26
2.45598433769e-26
2.45131701539e-26
2.44666202465e-26
2.44201932355e-26
2.43738886916e-26
2.43277061865e-26
2.42816453061e-26
2.42357056372e-26
2.4189886757e-26
2.41441882179e-26
2.40986095705e-26
2.40531503735e-26
2.40078101909e-26
2.39625886363e-26
2.39174853389e-26
2.38724999228e-26
2.38276320132e-26
2.37827120882e-26
2.37380772319e-26
2.36935589543e-26
2.36491569009e-26
2.36048706744e-26
2.35606998741e-26
2.35166441044e-26
2.34727029769e-26
2.3428876121e-26
2.33851631464e-26
2.33415636541e-26
2.32980772551e-26
2.32547035621e-26
2.32114421916e-26
2.31682927541e-26
2.31252548601e-26
2.30823281236e-26
2.30395121732e-26
2.29969865501e-26
2.2954389539e-26
2.29119022163e-26
2.28695241905e-26
2.282725505e-26
2.27850944015e-26
2.27430418697e-26
2.27010970862e-26
2.26592596719e-26
2.26173612882e-26
2.25757382883e-26
2.25342214434e-26
2.24928104436e-26
2.24515049647e-26
2.24103046669e-26
2.23692091903e-26
2.23282181828e-26
2.22873313228e-26
2.22465482938e-26
2.22058687788e-26
2.2165292466e-26
2.21248190403e-26
2.20844481944e-26
2.2044179624e-26
2.20040130212e-26
2.19639480727e-26
2.19239844617e-26
2.18841218759e-26
2.18443600163e-26
2.18046986144e-26
2.17651374006e-26
2.17256760902e-26
2.16863143781e-26
2.16470519573e-26
2.16078885143e-26
2.15688237384e-26
2.15298573025e-26
2.14909888387e-26
2.14522179784e-26
2.14135443796e-26
2.13749677207e-26
2.13364877003e-26
2.12981040144e-26
2.1259816333e-26
2.1221624323e-26
2.11835276592e-26
2.11455260182e-26
2.11076190802e-26
2.10698065235e-26
2.10320880217e-26
2.09944632523e-26
2.09569319002e-26
2.09194936571e-26
2.08821482206e-26
2.08448952804e-26
2.08077345115e-26
2.07706655838e-26
2.07336881792e-26
2.0696801999e-26
2.06600067492e-26
2.06233021427e-26
2.05866878959e-26
2.05501637339e-26
2.05137294113e-26
2.04773846927e-26
2.04411293249e-26
2.04049630286e-26
2.03688855137e-26
2.0332896474e-26
2.02969956336e-26
2.026118273e-26
2.0225457501e-26
2.01898196761e-26
2.01542689875e-26
2.01188051658e-26
2.00834279461e-26
2.00481370684e-26
2.00129322684e-26
1.99778132809e-26
1.99427798324e-26
1.99078316478e-26
1.98729684605e-26
1.98381900153e-26
1.9803496065e-26
1.97688863589e-26
1.97343606283e-26
1.96999186118e-26
1.96655600496e-26
1.96312846845e-26
1.95970922506e-26
1.95629824651e-26
1.95289550466e-26
1.94950097319e-26
1.94611462859e-26
1.94273644842e-26
1.93936641125e-26
1.93600449326e-26
1.93265066998e-26
1.92930491689e-26
1.9259672102e-26
1.92263752618e-26
1.91931584114e-26
1.91600213087e-26
1.91269637074e-26
1.90939853632e-26
1.90610860334e-26
1.90282654835e-26
1.89955234857e-26
1.89628598048e-26
1.89302742026e-26
1.88977664321e-26
1.88653362385e-26
1.88329833791e-26
1.88007076227e-26
1.87685087323e-26
1.87363864696e-26
1.87043405956e-26
1.8672370883e-26
1.86404771151e-26
1.86086590697e-26
1.85769165042e-26
1.85452491586e-26
1.85136567657e-26
1.84821390628e-26
1.84506958049e-26
1.84193267446e-26
1.83880316447e-26
1.83568102669e-26
1.83256623831e-26
1.82945877727e-26
1.82635862232e-26
1.82326575256e-26
1.82018014685e-26
1.81710178379e-26
1.81403064122e-26
1.81096669681e-26
1.80790992902e-26
1.80486031593e-26
1.80181783595e-26
1.79878246868e-26
1.79575419258e-26
1.7927329852e-26
1.78971882497e-26
1.78671169082e-26
1.78371156212e-26
1.78071841812e-26
1.77773223748e-26
1.77475299898e-26
1.77178068246e-26
1.76881526932e-26
1.76585674161e-26
1.76290508186e-26
1.75996027157e-26
1.75702229293e-26
1.75409112734e-26
1.75116675557e-26
1.74824915756e-26
1.74533831191e-26
1.74243419676e-26
1.73953678985e-26
1.7366460691e-26
1.73376201368e-26
1.73088460333e-26
1.72801381818e-26
1.72514963808e-26
1.722292043e-26
1.71944101428e-26
1.71659653238e-26
1.71375857771e-26
1.71092713237e-26
1.70810217838e-26
1.70528369726e-26
1.70247167054e-26
1.6996660794e-26
1.69686690452e-26
1.6940741268e-26
1.69128772755e-26
1.68850768766e-26
1.6857339875e-26
1.68296660704e-26
1.68020552614e-26
1.67745072515e-26
1.67470218388e-26
1.67195988347e-26
1.66922380573e-26
1.66649393362e-26
1.66377025127e-26
1.66105274324e-26
1.65834139447e-26
1.65563618929e-26
1.65293711053e-26
1.65024414095e-26
1.64755726341e-26
1.644876461e-26
1.64220171674e-26
1.63953301216e-26
1.63687032938e-26
1.63421365073e-26
1.63156295698e-26
1.62891822889e-26
1.62627944784e-26
1.62364659533e-26
1.6210196533e-26
1.61839860506e-26
1.61578343458e-26
1.6131741252e-26
1.6105706602e-26
1.60797302336e-26
1.60538119847e-26
1.60279516958e-26
1.60021492066e-26
1.597640436e-26
1.59507169953e-26
1.5925086946e-26
1.58995140464e-26
1.58739981188e-26
1.58485389842e-26
1.58231364599e-26
1.57977903643e-26
1.57725005315e-26
1.57472668049e-26
1.57220890237e-26
1.5696967026e-26
1.56719006479e-26
1.56468897342e-26
1.56219341384e-26
1.55970337075e-26
1.55721882931e-26
1.55473977626e-26
1.55226619836e-26
1.54979808204e-26
1.54733541364e-26
1.54487817866e-26
1.54242636111e-26
1.53997994464e-26
1.53753891359e-26
1.53510325254e-26
1.53267294584e-26
1.53024797823e-26
1.5278283347e-26
1.52541399995e-26
1.52300495842e-26
1.52060119499e-26
1.51820269482e-26
1.51580944307e-26
1.5134214261e-26
1.51103863047e-26
1.50866104312e-26
1.50628865077e-26
1.50392143873e-26
1.50155939145e-26
1.49920249397e-26
1.49685073184e-26
1.49450409075e-26
1.49216255583e-26
1.48982611141e-26
1.48749474246e-26
1.48516843412e-26
1.48284717039e-26
1.48053093502e-26
1.47821971216e-26
1.47591348652e-26
1.47361224341e-26
1.47131596966e-26
1.46902465326e-26
1.46673828184e-26
1.46445684268e-26
1.46218032293e-26
1.45990870972e-26
1.45764198924e-26
1.4553801481e-26
1.45312317355e-26
1.45087105295e-26
1.4486237734e-26
1.44638132208e-26
1.44414368559e-26
1.4419108497e-26
1.43968280005e-26
1.43745952229e-26
1.43524100271e-26
1.43302722931e-26
1.43081819054e-26
1.42861387403e-26
1.42641426692e-26
1.42421935657e-26
1.42202913095e-26
1.41984357831e-26
1.41766268635e-26
1.41548644256e-26
1.41331483505e-26
1.41114785226e-26
1.40898548249e-26
1.40682771367e-26
1.4046745331e-26
1.40252592689e-26
1.40038188037e-26
1.3982423792e-26
1.3961074094e-26
1.39397695759e-26
1.39185101054e-26
1.38972955613e-26
1.38761258222e-26
1.38550007592e-26
1.38339202433e-26
1.38128841498e-26
1.37918923563e-26
1.37709447438e-26
1.37500412011e-26
1.37291816211e-26
1.37083658964e-26
1.36875939151e-26
1.36668655519e-26
1.3646180673e-26
1.36255391509e-26
1.36049408675e-26
1.35843857049e-26
1.35638735417e-26
1.35434042551e-26
1.35229777249e-26
1.35025938352e-26
1.3482252472e-26
1.346195352e-26
1.34416968629e-26
1.34214823857e-26
1.34013099773e-26
1.33811795349e-26
1.3361090964e-26
1.33410441724e-26
1.33210390664e-26
1.33010755478e-26
1.32811535142e-26
1.32612728598e-26
1.32414334691e-26
1.32216352338e-26
1.32018780534e-26
1.31821618272e-26
1.31624864515e-26
1.3142851821e-26
1.31232578292e-26
1.31037043654e-26
1.30841913164e-26
1.30647185716e-26
1.30452860237e-26
1.30258935749e-26
1.30065411329e-26
1.29872286004e-26
1.29679558732e-26
1.2948722848e-26
1.29295294244e-26
1.29103755032e-26
1.28912609855e-26
1.28721857706e-26
1.28531497554e-26
1.28341528368e-26
1.28151949121e-26
1.27962758806e-26
1.27773956411e-26
1.27585540873e-26
1.27397511082e-26
1.27209865904e-26
1.27022604202e-26
1.26835724858e-26
1.26649226829e-26
1.26463109098e-26
1.2627737071e-26
1.26092010705e-26
1.25907028045e-26
1.25722421668e-26
1.25538190532e-26
1.25354333624e-26
1.25170849958e-26
1.24987738542e-26
1.24804998424e-26
1.24622628642e-26
1.24440628216e-26
1.24258996141e-26
1.24077731384e-26
1.23896832911e-26
1.23716299746e-26
1.23536130936e-26
1.23356325503e-26
1.23176882476e-26
1.22997800884e-26
1.22819079726e-26
1.22640718003e-26
1.22462714743e-26
1.22285069009e-26
1.22107779881e-26
1.21930846412e-26
1.21754267673e-26
1.21578042771e-26
1.21402170842e-26
1.21226651048e-26
1.21051482574e-26
1.20876664607e-26
1.20702196274e-26
1.20528076678e-26
1.2035430489e-26
1.20180879991e-26
1.20007801113e-26
1.19835067405e-26
1.19662678025e-26
1.19490632106e-26
1.19318928757e-26
1.19147567124e-26
1.1897654634e-26
1.18805865543e-26
1.18635523889e-26
1.18465520537e-26
1.18295854652e-26
1.18126525398e-26
1.17957531924e-26
1.17788873362e-26
1.17620548856e-26
1.17452557548e-26
1.17284898572e-26
1.17117571095e-26
1.1695057433e-26
1.16783907492e-26
1.16617569749e-26
1.16451560224e-26
1.16285878063e-26
1.16120522429e-26
1.15955492482e-26
1.15790787394e-26
1.15626406339e-26
1.15462348476e-26
1.15298612937e-26
1.15135198878e-26
1.14972105499e-26
1.1480933201e-26
1.14646877645e-26
1.14484741639e-26
1.14322923218e-26
1.14161421614e-26
1.14000236053e-26
1.13839365799e-26
1.13678810124e-26
1.13518568254e-26
1.13358639423e-26
1.13199022858e-26
1.1303971779e-26
1.12880723455e-26
1.12722039106e-26
1.12563664006e-26
1.12405597418e-26
1.12247838616e-26
1.1209038688e-26
1.119332415e-26
1.11776401784e-26
1.11619867011e-26
1.11463636399e-26
1.1130770916e-26
1.11152084544e-26
1.10996761875e-26
1.10841740465e-26
1.10687019611e-26
1.1053259861e-26
1.10378476715e-26
1.10224653154e-26
1.10071127156e-26
1.09917897989e-26
1.09764964916e-26
1.09612327177e-26
1.09459983997e-26
1.09307934604e-26
1.09156178218e-26
1.09004714065e-26
1.08853541358e-26
1.08702659337e-26
1.0855206723e-26
1.08401764253e-26
1.08251749656e-26
1.08102022725e-26
1.07952582736e-26
1.07803428973e-26
1.07654560707e-26
1.07505977207e-26
1.07357677716e-26
1.0720966149e-26
1.07061927804e-26
1.06914475921e-26
1.06767305079e-26
1.06620414509e-26
1.06473803445e-26
1.06327471162e-26
1.06181416992e-26
1.06035640271e-26
1.05890140287e-26
1.05744916274e-26
1.05599967493e-26
1.05455293211e-26
1.05310892715e-26
1.05166765354e-26
1.0502291051e-26
1.04879327573e-26
1.04736015906e-26
1.04592974876e-26
1.04450203877e-26
1.04307702311e-26
1.04165469566e-26
1.04023505045e-26
1.03881808162e-26
1.03740378341e-26
1.03599214993e-26
1.03458317525e-26
1.03317685348e-26
1.03177317859e-26
1.03037214412e-26
1.02897374369e-26
1.02757797103e-26
1.02618481996e-26
1.02479428432e-26
1.02340635821e-26
1.02202103578e-26
1.02063831082e-26
1.01925817706e-26
1.01788062865e-26
1.01650566e-26
1.01513326546e-26
1.01376343926e-26
1.01239617508e-26
1.01103146638e-26
1.00966930693e-26
1.00830969117e-26
1.00695261383e-26
1.00559806953e-26
1.00424605288e-26
1.00289655819e-26
1.00154957929e-26
1.00020510985e-26
9.98863143589e-27
9.97523674441e-27
9.96186696234e-27
9.94852202697e-27
9.93520187606e-27
9.9219064483e-27
9.90863568112e-27
9.89538950993e-27
9.88216787062e-27
9.86897070124e-27
9.85579794148e-27
9.84264953198e-27
9.82952541606e-27
9.81642554115e-27
9.80334985399e-27
9.79029830027e-27
9.77727082474e-27
9.76426737169e-27
9.75128788353e-27
9.73833230243e-27
9.72540057361e-27
9.71249264414e-27
9.69960845743e-27
9.68674795352e-27
9.67391107344e-27
9.66109775957e-27
9.64830795791e-27
9.6355416172e-27
9.62279868455e-27
9.61007910125e-27
9.59738280538e-27
9.58470973371e-27
9.57205982515e-27
9.55943302047e-27
9.54682926474e-27
9.53424850477e-27
9.52169068866e-27
9.50915576342e-27
9.49664367645e-27
9.48415437561e-27
9.47168780824e-27
9.45924392149e-27
9.44682266322e-27
9.4344239836e-27
9.42204783376e-27
9.4096941628e-27
9.39736291824e-27
9.38505404701e-27
9.37276749558e-27
9.36050320768e-27
9.34826112505e-27
9.33604119062e-27
9.32384334863e-27
9.31166754438e-27
9.29951372436e-27
9.28738183758e-27
9.275271833e-27
9.26318365819e-27
9.25111725941e-27
9.23907258643e-27
9.22704959234e-27
9.21504822936e-27
9.20306844834e-27
9.19111019778e-27
9.17917342459e-27
9.16725807689e-27
9.1553641073e-27
9.14349147176e-27
9.13164012905e-27
9.1198100358e-27
9.10800114692e-27
9.09621341473e-27
9.08444679053e-27
9.07270122518e-27
9.06097666971e-27
9.04927307516e-27
9.03759039327e-27
9.02592857694e-27
9.01428757943e-27
9.00266735395e-27
8.99106785367e-27
8.97948903031e-27
8.96793083779e-27
8.9563932324e-27
8.94487617082e-27
8.93337961002e-27
8.92190350786e-27
8.9104478244e-27
8.89901251988e-27
8.88759755303e-27
8.87620288177e-27
8.86482846294e-27
8.85347425161e-27
8.842140202e-27
8.83082626832e-27
8.8195324064e-27
8.80825857248e-27
8.79700471917e-27
8.78577079822e-27
8.77455676339e-27
8.76336257023e-27
8.75218817618e-27
8.74103353973e-27
8.72989861833e-27
8.71878336676e-27
8.70768773776e-27
8.69661168234e-27
8.68555515383e-27
8.67451810745e-27
8.66350049948e-27
8.65250228632e-27
8.64152342472e-27
8.6305638726e-27
8.61962358861e-27
8.60870253089e-27
8.59780065648e-27
8.5869179222e-27
8.57605428462e-27
8.56520969859e-27
8.55438412035e-27
8.54357750564e-27
8.5327898089e-27
8.52202098427e-27
8.51127098644e-27
8.50053977028e-27
8.4898272895e-27
8.47913349669e-27
8.46845834602e-27
8.45780179287e-27
8.44716379363e-27
8.4365443059e-27
8.42594328808e-27
8.41536069907e-27
8.40479649761e-27
8.39425064113e-27
8.38372308908e-27
8.37321380293e-27
8.362722743e-27
8.35224986787e-27
8.3417951347e-27
8.33135849981e-27
8.32093991942e-27
8.31053935113e-27
8.30015675388e-27
8.28979208847e-27
8.27944531648e-27
8.26911639801e-27
8.25880529259e-27
8.24851195999e-27
8.23823636089e-27
8.22797845558e-27
8.21773820285e-27
8.20751556061e-27
8.19731048777e-27
8.18712294428e-27
8.17695289007e-27
8.16680028624e-27
8.15666509647e-27
8.14654728336e-27
8.13644680932e-27
8.12636363744e-27
8.11629773174e-27
8.1062490565e-27
8.09621757619e-27
8.08620325644e-27
8.07620606433e-27
8.06622596559e-27
8.05626292498e-27
8.04631690668e-27
8.03638787414e-27
8.02647579102e-27
8.01658062041e-27
8.00670232507e-27
7.99684086885e-27
7.98699621442e-27
7.97716832311e-27
7.967357157e-27
7.95756267961e-27
7.94778485574e-27
7.93802365078e-27
7.92827903005e-27
7.9185509585e-27
7.90883940148e-27
7.89914432417e-27
7.88946569068e-27
7.87980346559e-27
7.87015761465e-27
7.86052810372e-27
7.85091489771e-27
7.84131796135e-27
7.83173726143e-27
7.8221727661e-27
7.81262444342e-27
7.80309226035e-27
7.79357618344e-27
7.78407617988e-27
7.77459221497e-27
